0 325,378
0 325,378
0 325,378
0 325,378
0 325,378
1,75605e-07 324,118
0 325,378
7,22405e-08 324,76
2,50756e-06 301,685
1,24829e-06 308,811
0 325,378
1,75605e-07 324,118
0 325,378
0 325,378
1,66843e-06 305,919
0 325,378
2,07043e-06 303,905
2,51455e-07 321,317
1,35409e-07 324,177
1,51513e-06 307,33
1,66843e-06 305,919
2,50756e-06 301,685
0 325,378
6,60667e-08 324,865
7,41613e-07 314,355
4,16096e-07 318,303
6,80455e-07 314,823
9,63206e-08 324,556
2,40802e-08 325,17
7,22405e-08 324,76
4,16096e-07 318,303
1,24829e-06 308,811
6,18953e-07 314,828
1,62125e-06 306,706
2,26818e-07 321,565
1,47393e-06 307,761
8,0625e-07 313,068
4,16096e-07 318,303
2,07043e-06 303,905
2,50756e-06 301,685
2,51455e-07 321,317
1,1696e-07 324,292
7,47967e-07 313,794
0 325,378
1,75133e-06 305,64
2,91922e-07 320,427
2,50756e-06 301,685
1,38565e-06 308,494
2,50756e-06 301,685
3,17258e-07 320,393
4,5564e-07 317,388
5,49314e-07 315,968
1,63459e-06 306,623
0 325,378
7,36782e-07 314,5
4,28835e-07 317,811
2,78142e-07 320,778
4,51362e-08 324,973
7,98508e-08 324,623
2,19109e-06 303,521
4,97448e-07 317,312
1,51513e-06 307,33
8,0625e-07 313,068
1,87128e-06 304,996
1,61391e-06 306,939
9,82222e-07 310,479
1,4812e-06 307,493
4,23357e-07 318,016
1,37958e-06 308,52
4,28835e-07 317,811
3,92634e-07 318,919
1,57376e-06 306,993
8,82118e-07 312,425
1,87571e-06 304,753
7,36782e-07 314,5
1,53145e-06 307,239
2,26818e-07 321,565
1,79202e-06 305,502
1,57376e-06 306,993
1,1273e-06 310,045
1,41608e-06 307,852
1,75605e-07 324,118
4,07238e-07 318,676
3,28201e-07 319,839
4,16096e-07 318,303
7,08427e-07 314,791
1,87128e-06 304,996
1,24829e-06 308,811
3,66209e-07 318,924
9,33743e-07 311,132
2,73529e-07 321,036
1,83105e-07 322,072
4,51855e-07 317,723
1,12746e-06 309,314
1,97788e-06 304,464
