0,000285008 169,035
0,011602 45,7972
0,000285008 169,035
0,00530551 59,0146
0,000285008 169,035
0,00129052 92,9314
0,141617 41,8662
0,00530551 59,0146
0,141617 41,8662
0,141617 41,8662
0,000285008 169,035
0,141617 41,8662
0,141617 41,8662
0,000285008 169,035
0,011602 45,7972
0,00129052 92,9314
0,141617 41,8662
0,141617 41,8662
0,00154223 88,9204
0,011602 45,7972
0,00530551 59,0146
0,141617 41,8662
0,011602 45,7972
0,0039669 72,1994
0,000634307 167,547
0,00129052 92,9314
0,00530551 59,0146
0,032648 42,101
0,000285008 169,035
0,00530551 59,0146
0,00530551 59,0146
0,00530551 59,0146
0,000660236 152,447
0,00252771 74,3568
0,000285008 169,035
0,00530551 59,0146
0,141617 41,8662
0,141617 41,8662
0,00129052 92,9314
0,000991621 113,314
0,000644111 152,971
0,141617 41,8662
0,000736613 122,893
0,00530551 59,0146
0,000285008 169,035
0,00530551 59,0146
0,0010261 106,854
0,00226655 75,3554
0,00530551 59,0146
0,00530551 59,0146
0,000991621 113,314
0,00252771 74,3568
0,141617 41,8662
0,000767575 113,996
0,00226655 75,3554
0,141617 41,8662
0,0039669 72,1994
0,00226655 75,3554
0,141617 41,8662
0,0039669 72,1994
0,0010261 106,854
0,000285008 169,035
0,000634307 167,547
0,000991621 113,314
0,000690923 145,676
0,000285008 169,035
0,00169977 77,1415
