0,451365 -0,01067
0,252406 0,346813
0,414823 0,301541
0,0229363 1,96308
0,0113825 3,31309
0,130357 0,745264
0,188555 0,737848
0,0891966 1,11507
0,0102354 3,87443
0,0113825 3,31309
0,070273 1,14774
0,232164 0,416267
0,0679787 1,39187
0,416492 0,269048
0,188555 0,737848
0,00948475 4,24344
0,0101079 3,937
0,00955556 4,20857
0,427393 0,166828
0,0979655 0,979741
0,070273 1,14774
0,437918 0,0669242
0,120685 0,808589
0,227748 0,449855
0,103881 0,897209
0,114769 0,884861
0,102917 0,97921
0,427393 0,166828
0,219709 0,57312
0,120685 0,808589
0,114769 0,884861
0,215369 0,579567
0,446982 0,0635022
0,22722 0,563981
0,213372 0,631015
0,446982 0,0635022
0,451365 -0,01067
0,224957 0,566652
0,208499 0,657864
0,20985 0,642936
0,103881 0,897209
0,0979655 0,979741
0 5,18532
0,414823 0,301541
0,0479507 1,62075
0,238911 0,383475
0,0229363 1,96308
0,019085 2,40577
0,252406 0,346813
0,188555 0,737848
0,0101079 3,937
0,414823 0,301541
0,130357 0,745264
0,00578498 4,79081
0,0587432 1,4201
0,0113825 3,31309
0,252406 0,346813
0,201372 0,67263
0,0539608 1,5587
0,252406 0,346813
0,00675276 4,30925
0,434702 0,0816304
0 5,18532
0,451365 -0,01067
0,0103675 3,80959
0 5,18532
