0,849281 -0,447412
0,0378982 4,25276
0,829494 -0,360734
0,64632 -0,229312
0,62194 -0,0155686
0,45275 0,0221275
0,270384 0,471774
0,393603 0,460841
0,0778502 1,71682
0,07133 2,16245
0,413319 0,244608
0,0507551 3,30668
0,0408285 4,03369
0,393603 0,460841
0,217655 0,783619
0,240244 0,725142
0,0378982 4,25276
0,110803 1,57266
0,159312 1,39925
0,161465 1,19035
0,0952474 1,60694
0,208391 0,856718
0,83609 -0,422275
0,270043 0,50638
0,243154 0,532687
0,197771 0,928585
0,0450593 3,76259
0,060278 2,64821
0,161465 1,19035
0,174395 1,09137
0,0500853 3,47593
0,0514918 3,13816
0,0651739 2,52895
0,0593817 2,81204
0,193324 1,06443
0,443895 0,0477576
0,193475 1,03478
0,0539517 3,08508
0,0680699 2,38983
0,0690641 2,17389
0,0462202 3,64313
0,0778502 1,71682
0,130042 1,45315
0,174395 1,09137
0,204528 0,917491
0,068434 2,29938
0,0952474 1,60694
0,116112 1,49634
0,0628753 2,56101
0,243154 0,532687
0,242131 0,646589
0,131548 1,44382
0,0590994 2,91207
0,0434943 3,80739
0,116112 1,49634
0,0476867 3,5604
0,0426778 3,94029
0,148576 1,4408
0,159312 1,39925
0,0568117 2,94011
0,0593817 2,81204
0,148576 1,4408
0,849281 -0,447412
0,829494 -0,360734
0,632929 -0,108804
0,0490421 3,53148
0,428658 0,138864
0,433034 0,0698855
0,068434 2,29938
0,0680699 2,38983
0,060278 2,64821
0,0474826 3,62755
0,633268 -0,178751
0,242131 0,646589
0,0557467 3,0067
0,433034 0,0698855
0,0434782 3,86201
0,0426778 3,94029
0,45275 0,0221275
0,428544 0,150796
0,417608 0,223598
0,42132 0,171218
0,0557467 3,0067
0,639826 -0,214946
0,623139 -0,0517092
0,0514918 3,13816
0,42132 0,171218
0,0500853 3,47593
0,627452 -0,080584
0,636928 -0,212043
0,0434782 3,86201
0,635107 -0,187092
0,631121 -0,091664
0,64632 -0,229312
0,417608 0,223598
0,623078 -0,0366234
0,0576357 2,91594
0,270384 0,471774
0,270043 0,50638
0,627711 -0,0846422
