0,0222038 430,726
0,0222038 430,726
0,0254947 291,679
0,0340493 209,645
0,0247724 335,871
0,0254947 291,679
0,0265517 280,187
0,0254947 291,679
0,0254947 291,679
0,0222038 430,726
0,0252071 316,655
0,0222038 430,726
0,0222038 430,726
0,0252071 316,655
0,0265517 280,187
0,0254947 291,679
0,0249271 330,466
0,0246154 349,566
0,0254947 291,679
0,0254947 291,679
0,0254947 291,679
0,0246154 349,566
0,0246154 349,566
0,0252071 316,655
0,0226914 385,588
0,0269001 268,768
0,0247201 339,408
0,0269001 268,768
0,0225289 402,064
0,0269001 268,768
0,0340493 209,645
0,0308646 237,817
0,0248475 333,108
0,0222038 430,726
0,0243456 380,979
0,0247724 335,871
0,0245147 369,273
0,024669 347,51
0,0248949 332,263
0,0247036 344,389
0,0250164 325,397
0,0254947 291,679
0,0243456 380,979
0,0249453 326,255
0,0308646 237,817
0,0222038 430,726
0,0292776 244,087
0,0265517 280,187
0,0269001 268,768
0,0224476 422,054
0,0269001 268,768
0,0222038 430,726
0,024849 332,509
0,0265517 280,187
0,0269001 268,768
0,0248475 333,108
0,0308646 237,817
0,0222038 430,726
0,0251436 319,042
0,0249867 325,412
0,0252071 316,655
0,0245778 353,939
0,0254947 291,679
0,0243456 380,979
0,0249271 330,466
0,0243456 380,979
0,0269001 268,768
0,0222038 430,726
0,0340493 209,645
0,0266678 274,695
0,0224476 422,054
0,0340493 209,645
0,0292776 244,087
0,0249407 327,135
0,0247201 339,408
0,0292776 244,087
0,0248475 333,108
