0,868451 -0,501827
0 1,66442
0 1,66442
0,654641 -0,324742
0,868451 -0,501827
0,454641 -0,019132
0,640469 -0,172953
0,238362 0,289169
0,416516 0,256755
0,191635 0,668843
0,0915253 0,673388
0,00587055 1,4948
0,0120768 1,3266
0,00587055 1,4948
0,0162669 1,25821
0,197029 0,634013
0,0298001 1,0012
0,0362303 0,83412
0,234663 0,374284
0,0915253 0,673388
0,0686426 0,708108
0,207818 0,558499
0,205728 0,571821
0,031855 0,939309
0,215287 0,502468
0,22045 0,460301
0,027535 1,05268
0,022353 1,10399
0,013627 1,32318
0,640704 -0,279468
0,0302293 0,956062
0,419953 0,213837
0,0269613 1,06663
0,426829 0,135336
0,423489 0,190208
0,0367548 0,79375
0,640498 -0,234166
0,640469 -0,172953
0,0349039 0,886351
0,0349039 0,886351
0,216532 0,499041
0,0208713 1,16157
0,0177104 1,22006
0,417746 0,256517
0,0433193 0,76028
0,0559239 0,740419
0,221553 0,431374
0,640498 -0,234166
0,229843 0,397086
0,0559239 0,740419
0,064403 0,717108
0,0218393 1,13422
0,234663 0,374284
0,428971 0,108339
0,642846 -0,298778
0,422443 0,201593
0,0186695 1,1923
0,022253 1,12721
0,4407 -0,00371781
0,229245 0,406358
0,436281 0,0443349
0,4462 -0,0100231
0,0182274 1,21079
0,0433193 0,76028
0,037017 0,773622
0,432044 0,0884721
0,194132 0,652121
0,430519 0,0933781
0,451203 -0,0171952
0,228139 0,423384
0,194552 0,647997
0,432938 0,0704875
0,226752 0,425824
0,0197783 1,18315
0,64536 -0,300418
0,649974 -0,322632
0,436506 0,0257689
0,43821 0,0114005
0,037017 0,773622
0,444099 -0,00456372
0,0686426 0,708108
0,064403 0,717108
0,207381 0,570081
0,428859 0,122872
0,426829 0,135336
0,647929 -0,317599
0,646536 -0,31278
0,43821 0,0114005
0,4344 0,0657977
0,428859 0,122872
0,435273 0,0552342
0 1,66442
0,423489 0,190208
0,654576 -0,32282
0,435969 0,054906
0,436753 0,0240284
0,0197783 1,18315
0,453228 -0,0187281
0,433764 0,0676008
0,013627 1,32318
