0,580476 0,702941
0,0237188 1,16798
0,562838 0,736689
0,0237188 1,16798
0,580476 0,702941
0 3,80642
0,0237188 1,16798
0,0527863 1,15969
0,0149375 2,18786
0,562838 0,736689
0,562838 0,736689
0 3,80642
0,580476 0,702941
0,0218492 1,47469
0,00790625 2,92708
0,0653564 1,15902
0,0218492 1,47469
0 3,80642
0,133555 0,982163
0,580476 0,702941
0,0105417 2,63395
0,0205 1,55475
0 3,80642
0,0184479 1,75448
0,0218492 1,47469
0,0184479 1,75448
0,0105417 2,63395
0,0138611 2,27425
0,580476 0,702941
0,531845 0,774985
0 3,80642
0,0990877 1,09492
0,0169463 1,95441
0,00683334 3,05594
0,0105417 2,63395
0,425623 0,846723
0,0136667 2,30541
0,0218492 1,47469
0,0474133 1,16118
0,0237188 1,16798
0,0182535 1,78564
0,580476 0,702941
0 3,80642
0,282529 0,930989
0,0107708 2,62593
0,00455556 3,3061
0,36769 0,90685
0,0114537 2,54521
0,0114404 2,54812
0,562838 0,736689
0,553326 0,744869
0,0116145 2,53546
0,0171673 1,91744
0,0156854 2,09938
0,0049132 3,26315
0,0109933 2,59055
0,425623 0,846723
0,0193264 1,65675
0,0145661 2,25206
0,00719097 3,01298
0,402285 0,872133
0,0126902 2,42026
0,00953473 2,76659
0,415292 0,856967
0,0840256 1,10058
0,553326 0,744869
0,0154435 2,14926
0,00821065 2,90222
0,00892079 2,84817
0,0117777 2,50341
0,00786388 2,94432
0,381015 0,894818
0,00550923 3,20169
0,00151852 3,63965
0,36769 0,90685
0,0100112 2,7046
0,48732 0,810527
0,280569 0,933391
0,00644213 3,08992
0,48732 0,810527
0,00183641 3,60484
0,344364 0,912171
0,0133575 2,32652
0,478496 0,814324
0,48732 0,810527
0,282529 0,930989
0,373833 0,895108
0,0117777 2,50341
0,00856553 2,87016
0,00550923 3,20169
0,0127347 2,41825
0,0129296 2,37965
0,0100324 2,69642
0,459236 0,82465
0,466018 0,816987
0,444134 0,842859
0,00284875 3,49366
0 3,80642
0,509205 0,782733
