0 501,2
0 501,2
0,155586 376,511
0,111069 422,149
0,115801 421,528
0,146625 405,533
0,155586 376,511
0,146625 405,533
0,0392673 427,618
0,115801 421,528
0,111069 422,149
0,00296599 493,992
0,00296599 493,992
0,00369661 491,892
0,00149083 498,269
0,000295778 500,467
0,00149083 498,269
0,000295778 500,467
0,00391941 491,439
0,00369661 491,892
0,115801 421,528
0,0187939 445,163
0,00359349 492,737
0,0324428 431,37
0,0244676 438,568
0,0459015 424,272
0,0320859 437,755
0,146625 405,533
0,0392673 427,618
0,00180133 496,859
0,0392673 427,618
0,00188489 496,754
0,155586 376,511
0,0106519 470,275
0,00338585 493,214
0,00310075 493,295
0,0459015 424,272
0,0133387 466,774
0,00371592 491,828
0,0173004 454,567
0,0109305 470,214
0,0101699 474,983
0,00847838 475,216
0,111069 422,149
0,00163681 497,097
0,0459015 424,272
0,146625 405,533
0,000887334 499,477
0,00479721 487,834
0,0118294 468,768
0,0459015 424,272
0,111069 422,149
0,0324428 431,37
0,00819723 476,614
0,00391941 491,439
0,0143198 458,324
0 501,2
0,011119 469,312
0,00537915 476,632
0,00394665 489,552
0,0459015 424,272
0,0101699 474,983
