0,280811 9,68299
0,996003 0,00797871
0,280811 9,68299
0,622991 8,33548
0,630738 5,70119
0,851137 1,60974
0,852015 0,27407
0,630738 5,30184
0,879141 0,227111
0,630739 4,74928
0,364835 8,64425
0,909436 0,172925
0,67815 3,92544
0,429931 8,5604
0,671839 4,06426
0,690571 3,85118
0,449646 8,5369
0,411125 8,58341
0,720793 3,68747
0,872576 0,238611
0,588083 8,37696
0,839088 2,38015
0,290448 9,03958
0,705067 3,73954
0,777645 3,31554
0,785458 3,2425
0,281795 9,14795
0,339164 8,7668
0,390783 8,60923
0,849736 1,86774
0,658141 4,09321
0,79511 3,16084
0,299091 8,98163
0,539257 8,43351
0,332776 8,80691
0,726733 3,61713
0,606035 8,35578
0,652251 4,17603
0,571967 8,39577
0,353637 8,70273
0,984389 0,0309775
0,975108 0,0491644
0,937299 0,12147
0,647374 4,28365
0,631244 4,51365
0,852015 0,27407
0,699703 3,79397
0,48512 8,4956
0,631916 4,37617
0,963494 0,0716785
0,643466 4,37246
0,390783 8,60923
0,280989 9,51568
0,814349 2,88207
0,76654 3,37754
0,494363 8,48497
0,845385 2,21939
0,820179 2,78476
0,458583 8,5264
0,80869 2,92804
0,83276 2,71535
0,41894 8,57376
0,851137 1,60974
0,740127 3,60169
0,510597 8,46635
0,955585 0,0868571
0,835236 2,48302
0,832949 2,56454
0,599559 8,36345
0,803726 3,02217
0,742299 3,55213
0,847805 2,0556
0,802005 3,10048
0,320566 8,86356
0,28123 9,30358
0,913131 0,166192
0,565901 8,40281
0,630783 4,67558
0,824444 2,7285
0,505397 8,47231
0,549836 8,42135
0,555449 8,41489
0,473427 8,50911
0,524039 8,45096
0,319408 8,88038
0,52608 8,44862
0,469375 8,51382
0,761237 3,39159
0,281165 9,38727
0,849376 1,96913
0,630738 5,51446
0,756142 3,45455
0,750967 3,48821
0,84613 2,18103
0,307595 8,91484
0,925379 0,143673
0,630738 5,70119
0,630738 5,51446
0,925379 0,143673
0,307595 8,91484
