0,962879 0,179471
0,0482651 1,06125
0,434522 0,816532
0,823236 0,345882
0,208057 0,983339
0,844792 0,325717
0,0694623 1,04586
0,495267 0,760577
0,351357 0,876548
0,299145 0,923483
0,939063 0,212249
0,799094 0,395383
0,311207 0,90315
0,196461 0,994172
0,0800608 1,03782
0,158448 1,00935
0,705586 0,522176
0,10672 1,03538
0,898876 0,258276
0,871888 0,304473
0,336421 0,886821
0,612649 0,638768
0,117802 1,02982
0,878183 0,283618
0,688351 0,544368
0,669332 0,570057
0,631794 0,600837
0,653065 0,575747
0,645476 0,592545
0,733396 0,478867
0,718402 0,495391
0,744993 0,468345
0,888099 0,271388
0,79978 0,360352
0,683051 0,560599
0,373485 0,872049
0,790867 0,4074
0,322997 0,895673
0,840149 0,329602
0,27354 0,943958
0,482758 0,766945
0,455802 0,798319
0,141965 1,02614
0,240433 0,971183
0,910513 0,244259
0,807599 0,355561
0,695608 0,523116
0,9507 0,197779
0,921969 0,231301
0,285762 0,931219
0,585038 0,671686
0,418289 0,837804
0,59744 0,64794
0,427528 0,830653
0,5175 0,747272
0,751986 0,45072
0,475481 0,791461
0,595578 0,659107
0,383658 0,867669
0,530184 0,735979
0,755465 0,440199
0,147062 1,02145
0,409102 0,849544
0,538307 0,72842
0,257579 0,960696
0,627121 0,622375
0,722475 0,491766
0,538822 0,709671
0,551134 0,709656
0,572024 0,689434
0,620152 0,622619
0,578887 0,680558
0,478883 0,7864
0,962879 0,179471
0,397484 0,863028
0,177224 1,00224
0,257579 0,960696
0,45605 0,797422
0,177224 1,00224
0,560981 0,702748
0,871888 0,304473
0,945424 0,201373
0,771006 0,431234
0,769449 0,433849
0,85646 0,32262
0,299145 0,923483
0,495267 0,760577
0,233482 0,975861
0,663718 0,573633
0,77912 0,419523
0 1,09361
0,311207 0,90315
0,669332 0,570057
0,283595 0,933737
