0 1,07648
1 0,0529005
0 1,07648
0,909743 0,205881
0,55584 0,698039
0,163784 0,984296
0,836466 0,321046
0,658189 0,58415
0,121216 1,01483
0,429781 0,815288
0,473816 0,77712
0,409986 0,835422
0,734676 0,475533
0,744825 0,459608
0,489281 0,766279
0,934925 0,163846
0,145362 1,00478
0,855044 0,292797
0,845428 0,30869
0,61283 0,635136
0,822415 0,34052
0,542789 0,713335
0,647922 0,598314
0,879661 0,255089
0,0142584 1,07123
0,986217 0,0828607
0,924907 0,177427
0,282815 0,925595
0,571369 0,683579
0,465878 0,794323
0,387094 0,851002
0,622897 0,621418
0,247843 0,946919
0,0311029 1,06346
0,868003 0,277475
0,273752 0,935156
0,693775 0,528595
0,36861 0,866921
0,149595 0,994917
0,40425 0,840164
0,974942 0,101092
0,725658 0,490904
0,253957 0,935965
0,232036 0,954877
0,199866 0,960054
0,502577 0,756738
0,971614 0,106853
0,779917 0,406143
0,67266 0,569132
0,949265 0,147978
0,7116 0,502328
0,383824 0,861766
0,328803 0,900789
0,895835 0,232801
0,961494 0,123217
0,0666219 1,04676
0,191805 0,980498
0,752376 0,443388
0,63335 0,604268
0,360528 0,877524
0,080811 1,03864
0,958333 0,126924
0,762664 0,438259
0,531382 0,719
0,947035 0,150916
0,334977 0,893332
0,807599 0,355561
0,797383 0,384759
0,821861 0,352638
0,342221 0,884032
0,601418 0,646412
0,0427753 1,05957
1 0,0529005
0,991854 0,0736776
0,191805 0,980498
0,199866 0,960054
0,86383 0,278921
0,893146 0,243461
0,773366 0,425661
0,686943 0,539982
0,630975 0,612171
0,0507731 1,05421
0,0997529 1,02752
0,79978 0,360352
0,311207 0,90315
0,297569 0,915736
0,773498 0,421236
0,787824 0,400222
0,718196 0,497113
0,454499 0,800583
0,882226 0,247162
0,350632 0,879706
0,297569 0,915736
0,903141 0,219559
0,232036 0,954877
0,924907 0,177427
0,529268 0,7302
0,0593474 1,04956
0,520299 0,73922
0,585282 0,666808
