0,280795 0,921154
0,280795 0,921154
1 4,17139e-08
0,319293 0,898052
0,346676 0,879816
0,732339 0,46368
0,71081 0,494749
0,383818 0,852684
0,636951 0,594294
0,694574 0,517567
0,393943 0,844809
0,650943 0,576273
0,291539 0,915005
0,406894 0,834438
0,549845 0,69767
0,605793 0,633014
0,536443 0,712229
0,500493 0,749506
0,464463 0,784274
0,914796 0,163148
0,471248 0,777925
0,52483 0,724554
0,857154 0,265287
0,453533 0,794308
0,41469 0,828032
0,906842 0,177638
0,572486 0,672259
0,510586 0,739302
0,367492 0,86495
0,481726 0,76794
0,424382 0,8199
0,429792 0,815279
0,492398 0,757545
0,621047 0,614301
0,684948 0,530846
0,439288 0,807026
0,845564 0,285022
0,89817 0,193291
0,563519 0,682446
0,360331 0,870162
0,864141 0,253261
0,925236 0,143937
0,595194 0,645744
0,35258 0,875687
0,305368 0,90675
0,903088 0,184432
0,739714 0,452823
0,311382 0,903041
0,96657 0,0657428
0,992494 0,0149557
0,771804 0,404319
0,948 0,101296
0,61224 0,625163
0,554355 0,69269
0,585379 0,657331
0,509569 0,74034
0,702981 0,505817
0,61527 0,621442
0,931862 0,131634
0,759231 0,423569
0,53314 0,715762
0,745426 0,44434
0,776807 0,396571
0,627353 0,606428
0,998451 0,00309615
0,4475 0,799744
0,936874 0,122266
0,819731 0,328042
0,733106 0,462556
0,82386 0,321254
0,756041 0,428402
0,527105 0,722161
0,765253 0,414387
0,655315 0,570562
0,630332 0,602682
0,943542 0,109728
0,851724 0,274566
0,658403 0,566505
0,971187 0,0567964
0,884423 0,217797
0,79455 0,368691
0,850904 0,275963
0,876456 0,231824
0,919383 0,154736
0,443922 0,802933
0,578879 0,664899
0,828812 0,31307
0,990732 0,0184501
0,814888 0,335958
0,779282 0,392719
0,963293 0,0720667
0,955974 0,0861143
0,664962 0,557826
0,882593 0,22103
0,788635 0,378055
0,782965 0,386966
0,938884 0,118498
0,893544 0,20158
0,750414 0,436879
0,742541 0,448633
