0,00603102 4,11074
0,962879 0,179471
0,00729868 3,31164
0,0065743 3,76827
0,0800608 1,03782
0,177224 1,00224
0,0184788 2,8342
0,00639321 3,88243
0,00766087 3,08332
0,0745771 1,26676
0,0497879 2,02839
0,0800608 1,03782
0,0331223 2,60424
0,00766087 3,08332
0,00603102 4,11074
0,0514696 1,87296
0,0257304 2,66518
0,564723 0,707516
0,858147 0,306216
0,232428 0,980844
0,945424 0,201373
0,0336298 2,46302
0,0666872 1,49285
0,926341 0,233788
0,045231 2,10335
0,658799 0,570194
0,695948 0,544985
0,404628 0,856269
0,538822 0,709671
0,880336 0,286015
0,631794 0,600837
0,89143 0,275779
0,0434805 2,18696
0,823236 0,345882
0,790315 0,417843
0,39149 0,872734
0,256327 0,96833
0,466469 0,810206
0,0630897 1,62373
0,37155 0,873366
0,0717828 1,34065
0,44498 0,817864
0,582326 0,674979
0,658799 0,570194
0,766724 0,451099
0,339578 0,9151
0,0540996 1,79785
0,784314 0,434387
0,485592 0,786747
0,502966 0,778572
0,328652 0,9248
0,0401147 2,33558
0,711808 0,528489
0,805781 0,365207
0,0713849 1,41326
0,021213 2,76974
0,534145 0,749355
0,0607105 1,7162
0,0065743 3,76827
0,840149 0,329602
0,357779 0,908877
0,910513 0,244259
0,212597 0,994685
0,520947 0,755864
0,0350064 2,41023
0,440286 0,839658
0,062707 1,62402
0,477668 0,804502
0,426227 0,844282
0,278466 0,96194
0,0670209 1,4454
0,312258 0,930186
0,622596 0,643413
0,26413 0,962799
0,510065 0,758301
0,0363332 2,36664
0,962879 0,179471
0,361135 0,88989
0,0404951 2,25678
0,0607105 1,7162
0,615236 0,656019
0,29636 0,939898
0,742156 0,478366
0,839354 0,343766
0,0742164 1,2876
0,589638 0,673363
0,805781 0,365207
0,0409548 2,24786
0,695948 0,544985
0,757209 0,4738
0,627808 0,60995
0,721545 0,525513
0,19545 0,999804
0,177224 1,00224
0,599408 0,661609
0,021213 2,76974
0,210539 0,999064
0,910513 0,244259
0,307465 0,936615
0,732018 0,502206
