0,451365 -0,01067
0,257806 0,301921
0,414823 0,301541
0,43363 0,0873549
0,0253689 1,88827
0,436492 0,0623339
0,195883 0,643283
0,221406 0,45545
0,198171 0,605366
0,203747 0,565976
0,422489 0,20619
0,215707 0,481963
0,443288 0,0193054
0,227748 0,449855
0,210049 0,531592
0,426592 0,160894
0,451365 -0,01067
0,443288 0,0193054
0,212857 0,495861
0,419013 0,253168
0,414823 0,301541
0,201957 0,580345
0,245882 0,322912
0,254107 0,303689
0,238929 0,341548
0,234208 0,373612
0,191696 0,668994
0,211188 0,530145
0,238929 0,341548
0,245625 0,327656
0,191696 0,668994
0,420323 0,234405
0,421092 0,221064
0,234208 0,373612
0,256573 0,302112
0,197303 0,607022
0,0271959 1,80576
0 1,92074
0,0235611 1,89164
0,427105 0,155396
0,221406 0,45545
0,0253689 1,88827
0,0257253 1,8683
0,197303 0,607022
0,431098 0,110793
0,0379084 1,49621
0,0626681 0,691894
0,451365 -0,01067
0,436492 0,0623339
0,451365 -0,01067
0,228381 0,412605
0,443288 0,0193054
0,235215 0,35967
0,0399134 1,27231
0,451365 -0,01067
0,028147 1,62517
0,230356 0,389793
0,0626681 0,691894
0,0373177 1,59054
0,423443 0,194426
0,426592 0,160894
