0,280811 9,68299
0,999996 2,54835
0,630738 6,24551
0,622991 8,33548
0,630738 6,24551
0,631601 4,71686
0,550097 8,42105
0,622991 8,33548
0,335053 8,80494
0,631916 4,37617
0,39629 8,60212
0,364835 8,64425
0,683332 4,21105
0,706439 4,16957
0,364835 8,64425
0,280852 9,41797
0,631601 4,71686
0,502192 8,47598
0,478888 8,5028
0,281795 9,14795
0,308015 9,09093
0,437408 8,55142
0,647374 4,28365
0,529407 8,44481
0,281317 9,33789
0,776593 4,06163
0,31734 9,03025
0,413388 8,5806
0,280811 9,68299
0,749376 4,10363
0,498829 8,47984
0,529407 8,44481
0,550097 8,42105
0,989351 3,42574
0,896516 3,82803
0,333086 8,97421
0,999978 2,71762
0,469086 8,51415
0,449879 8,53662
0,981302 3,50435
0,999964 2,76224
0,999742 2,97082
0,884334 3,85772
0,786666 4,04483
0,964059 3,61227
0,665706 4,24094
0,806095 4,00625
0,281795 9,14795
0,413388 8,5806
0,326913 9,00507
0,954535 3,67204
0,73947 4,11243
0,821643 3,97921
0,863043 3,90855
0,915485 3,78399
0,713525 4,15492
0,659066 4,25681
0,732977 4,12236
0,999996 2,54835
0,906292 3,8061
0,872195 3,88852
0,995784 3,29605
0,997504 3,22545
0,85731 3,91698
0,92039 3,77256
0,998558 3,16391
0,763331 4,08673
0,763331 4,08673
0,96062 3,64689
0,973172 3,57065
0,308015 9,09093
0,927582 3,74629
0,65165 4,27294
0,72467 4,13627
0,440499 8,54774
0,828897 3,96494
0,794055 4,02784
0,849065 3,92797
0,72139 4,14618
0,946066 3,68565
0,798532 4,02671
0,97833 3,52869
0,993599 3,35022
0,99938 3,06437
0,902173 3,81625
0,931688 3,73991
0,991797 3,38116
0,675158 4,22047
0,937323 3,72459
0,469086 8,51415
0,999243 3,08528
0,449879 8,53662
0,842331 3,94886
0,837263 3,95147
0,879689 3,86819
0,999742 2,97082
0,834042 3,96472
0,940189 3,71547
0,804864 4,00856
0,876277 3,8758
