0,97821 0,0344775
0 1,12303
0 1,12303
0,948689 0,0494897
0,387454 0,384562
0,920808 0,0630606
0,814443 0,107932
0,0995987 0,7161
0,0801268 0,734292
0,408781 0,368203
0,0463243 0,851725
0,573726 0,246658
0,869171 0,0851926
0,0774705 0,756026
0,0268395 0,911604
0,294048 0,47294
0,302525 0,456299
0,00351482 1,06362
0,797747 0,12098
0,112542 0,704812
0,00876108 1,02253
0,84659 0,0983576
0,454194 0,331081
0,680613 0,178669
0,0145754 1,00032
0,670047 0,188354
0,312486 0,440995
0,0245521 0,942872
0,97821 0,0344775
0,905305 0,0676183
0,00584072 1,04116
0,437766 0,340954
0,257109 0,509276
0,838663 0,100763
0,591849 0,23916
0,171555 0,605978
0,624682 0,220919
0,724037 0,164242
0,120367 0,688025
0,183175 0,588174
0,242007 0,516055
0,354275 0,412197
0,0438525 0,884226
0,0147872 0,980417
0,417593 0,356833
0,893051 0,0791947
0,551193 0,271759
0,629438 0,207882
0,234396 0,526186
0,373288 0,396404
0,741715 0,149164
0,0510926 0,833692
0,208895 0,54928
0,0357585 0,902394
0,0609012 0,792551
0,140167 0,638503
0,426359 0,347039
0,60385 0,222922
0,557778 0,25922
0,367346 0,402018
0,161563 0,618705
0,127681 0,678827
0,0733117 0,779671
0,00117161 1,08791
0,0579876 0,810485
0,75711 0,139702
0,699736 0,172425
0,20679 0,566685
0,785051 0,127037
0,138932 0,660392
0,0206303 0,966316
0,656049 0,199398
0,883402 0,0837859
0,479447 0,315776
0,201014 0,575699
0,222316 0,534028
0,648805 0,207408
0,519908 0,289823
0,488269 0,305979
0,133526 0,665969
0,0540992 0,820552
0,174403 0,588864
0,467364 0,32474
0,216045 0,537424
0,346036 0,420354
0,603313 0,23539
0,325966 0,434342
0,338972 0,425111
0,266246 0,496631
0,775343 0,131115
0,498628 0,305778
0,529204 0,275421
0,022174 0,954428
0,699736 0,172425
0,0384253 0,884954
0,155429 0,624964
0,00117161 1,08791
0,737044 0,157205
0,0731107 0,787866
0,279011 0,482696
