0,97821 0,0344775
0,10079 1,47765
0,879664 0,08732
0,033108 2,06142
0,380412 0,405288
0,933929 0,0570817
0,033108 2,06142
0,0372118 1,82722
0,0288404 2,35433
0,129109 1,26162
0,0866303 1,59129
0,721078 0,175394
0,496546 0,326815
0,0821248 1,61494
0,380412 0,405288
0,350714 0,488508
0,97821 0,0344775
0,933929 0,0570817
0,120594 1,37992
0,522404 0,313785
0,350714 0,488508
0,327663 0,563968
0,545285 0,306738
0,0684392 1,72673
0,638631 0,226506
0,749423 0,157497
0,151525 1,21226
0,665637 0,209131
0,120594 1,37992
0,563941 0,27554
0,0589544 1,78646
0,778944 0,140671
0,693233 0,190939
0,587473 0,263492
0,0372118 1,82722
0,778944 0,140671
0,504626 0,314749
0,834464 0,114466
0,5608 0,304555
0,864903 0,095214
0,682571 0,202826
0,599329 0,249574
0,0684392 1,72673
0,857958 0,102046
0,325478 0,580041
0,626657 0,234563
0,0589544 1,78646
0,816988 0,122857
0,845366 0,103928
0,613944 0,249288
0,145987 1,25689
0,145987 1,25689
0,151525 1,21226
0,616149 0,244076
0,59186 0,257189
0,633265 0,231591
0,692354 0,192848
0,84261 0,113678
0,816988 0,122857
0,746095 0,160056
0,671462 0,206019
0,033108 2,06142
0,0272302 2,45279
0,120594 1,37992
0,0372118 1,82722
0,172804 0,584302
0,731945 0,170748
0,805588 0,126501
0,6358 0,226845
0,457831 0,367453
0,350714 0,488508
0,129109 1,26162
0,496546 0,326815
0 2,84828
0,0866303 1,59129
0,7875 0,137238
0,746095 0,160056
0,817655 0,121629
0,0314029 2,18322
0,457831 0,367453
0,97821 0,0344775
0,416636 0,381153
0,151525 1,21226
0,325478 0,580041
0,029041 2,29047
0,10079 1,47765
0,457831 0,367453
0,0762917 1,7163
0,325478 0,580041
0,0159259 2,69205
0,646999 0,219667
0,0181713 2,52542
