0 284,938
0 284,938
0,0340493 194,435
0,00747298 205,088
0,0340493 194,435
0,00319625 230,644
0,00747298 205,088
0,0340493 194,435
0,00653261 209,732
0,0056133 215,398
0,00409293 226,931
0,00663409 209,461
0,00200002 249,969
0,00265547 244,687
0,000666258 274,529
0,000212623 281,964
0,0056133 215,398
0,00141432 262,943
0,00106462 269,14
0,00164225 258,525
0,000848829 272,93
0,000797851 273,706
0,0043523 226,758
0,00114151 268,648
0,00115001 267,658
0,000851593 271,928
0,00459315 226,452
0,00164225 258,525
0,000696176 274,442
0,000899143 271,492
0 284,938
0,00663409 209,461
0,00663409 209,461
0,0340493 194,435
0,0340493 194,435
0 284,938
0,0340493 194,435
0,0340493 194,435
0,0340493 194,435
0,0340493 194,435
0,0340493 194,435
0,0340493 194,435
0,0340493 194,435
0,0340493 194,435
0,0340493 194,435
0,0340493 194,435
0,0340493 194,435
0,0340493 194,435
0,0340493 194,435
0 284,938
0,0340493 194,435
0,0340493 194,435
0,0340493 194,435
0,0340493 194,435
0,0340493 194,435
0,0340493 194,435
0,0340493 194,435
0,0340493 194,435
0,0340493 194,435
0 284,938
0,0340493 194,435
0 284,938
0 284,938
0,0340493 194,435
0,0340493 194,435
0,00269922 238,921
0,0340493 194,435
0,00747298 205,088
0,000283864 280,459
0,00663409 209,461
0,00494622 222,088
0,000946775 269,853
0,00687989 207,447
0,00218897 248,94
0,00200002 249,969
0,0011509 265,804
0,0340493 194,435
0,0016333 260,364
0,00238742 245,355
0,000902291 271,1
0,00142029 261,049
0 284,938
0,000514465 277,576
0,0054014 217,489
0,00510703 219,803
0,00460726 223,099
0,00274236 238,817
0,00530887 218,385
0,00663409 209,461
0,00747298 205,088
0,00173209 254,325
0,00496318 221,438
0 284,938
0,00128413 265,22
0,000885158 271,743
