0 1,06033
1 0,00326539
0,550609 0,261248
0,0185459 0,895816
0,0949172 0,69539
0,0419597 0,795159
0,582043 0,244043
0,726818 0,150531
0,0103623 0,936396
0,216527 0,535727
0,125702 0,647835
0,840185 0,0866416
0,277332 0,473377
0,353617 0,413661
0,140728 0,630836
0,863458 0,0740624
0,653432 0,197214
0,206425 0,549067
0,885584 0,0622456
0,031087 0,823685
0,905402 0,0516852
0,0403058 0,818102
0,0916456 0,717588
0,983245 0,0116948
0,591591 0,233342
0,816594 0,0996879
0,163232 0,598445
0,38747 0,379749
0,486349 0,305252
0,531385 0,275384
0,780019 0,119893
0,000421362 1,03942
0,00211928 1,01421
0,00387547 0,98995
0,640907 0,203573
0,0760339 0,73506
0,438101 0,34174
0,798313 0,109751
0,336439 0,42174
0,153722 0,609747
0,706738 0,16215
0,0574402 0,76134
0,00638249 0,981626
0,914562 0,046923
0,235405 0,532153
0,0799932 0,718936
0,945892 0,0306986
0,114275 0,664352
0,611298 0,220652
0,293631 0,460371
0,763273 0,133144
0,927256 0,0403482
0,889065 0,0604042
0,247941 0,508796
0,461758 0,322651
0,375521 0,392661
0,974846 0,01594
0,0634771 0,749277
0,472867 0,315796
0,426185 0,351158
0,80232 0,107405
0,934665 0,0364595
0,400489 0,374736
0,0253287 0,870259
0,963928 0,0214693
0,666153 0,186874
0,322874 0,433253
0,0295626 0,847355
0,123559 0,660175
0,956276 0,0253893
0,106362 0,675581
0,679161 0,179134
0,26019 0,492041
0,301345 0,453029
0,315223 0,441808
0,0230713 0,87754
0,409764 0,36173
0,0695902 0,744119
0,0288438 0,850003
0,454184 0,331403
0,00126409 1,0244
0,7464 0,140714
0,69049 0,172239
0,235677 0,521867
0,494194 0,300491
1 0,00326539
0,360741 0,401621
0,312899 0,450378
0,0087953 0,960533
0,0103623 0,936396
0,755714 0,134153
0,702121 0,164998
0,845857 0,0835453
0,197312 0,558789
0,170815 0,58984
0,0087953 0,960533
0,14884 0,618794
0,0523637 0,772382
0,106362 0,675581
0,775342 0,122778
