0 336,819
0 336,819
0,0340493 197,31
0,0340493 197,31
0,0217676 214,646
0,00825294 237,604
0,00796227 288,94
0,0185449 224,1
0,020001 219,464
0,0110813 235,43
0,0200239 219,232
0,0211787 215,99
0,0183031 224,603
0,00938427 235,511
0,000267568 333,22
0,00679723 294,863
0,0042158 300,942
0,000555717 327,836
0,0133439 233,879
0,0149185 233,816
0,0172627 226,698
0,00177317 320,81
0,00938427 236,704
0,00825294 237,604
0,0122126 234,231
0,00196734 317,962
0,0164621 230,375
0,0133031 234,226
0,00389499 304,489
0,00606722 296,607
0,00765454 289,655
0,00124423 324,032
0,00546463 296,883
0,00374987 306,141
0,00335218 308,726
0,000722313 326,05
0,00208028 316,728
0,00455556 300,436
0,0217676 214,646
0,0211787 215,99
0,016085 230,676
0,00504912 300,327
0,0172627 226,698
0,0164677 226,943
0,0164677 226,943
0,0154833 232,315
0,0121718 235
0,00158849 322,116
0,000185239 334,738
0,00707042 291,912
0,00523508 299,541
0,00592088 296,741
0,00694224 293,427
0,0150861 233,319
0,0152979 232,738
0,00285481 312,91
0,0116469 235,026
0,000722313 326,05
0,000555717 327,836
0,00239114 315,563
0,00296731 309,566
0,00335218 308,726
0,00528673 298,513
0,0116469 235,026
0,00707042 291,912
0,00295327 311,773
0,00296731 309,566
0,00389499 304,489
0,00374987 306,141
0,0158732 231,718
0,00268518 313,262
0,00132916 323,896
0,00765454 289,655
0,00796227 288,94
0,0158732 231,718
0,00265051 314,248
0,00255558 314,627
0,00149996 323,098
0,000246986 333,601
0,00699058 292,963
0,00295327 311,773
0,00243938 315,275
0,000185239 334,738
0,00705321 292,341
0,00154934 322,915
0,00528673 298,513
0,00938427 235,511
0,00938427 236,704
0,0149185 233,816
0 336,819
0,00606722 296,607
0,0133439 233,879
0,00241572 315,505
0,020001 219,464
0,0200239 219,232
0,00239114 315,563
0,0217676 214,646
0,000555717 327,836
0,00938427 236,704
0,0164677 226,943
