0,776573 0,412663
0 1
0,335403 0,892017
0,759555 0,438802
0,776573 0,412663
0,514916 0,743594
0,321538 0,901345
0,251488 0,939999
0,109977 0,989417
0,499658 0,758315
0,211398 0,958265
0,616353 0,630639
0,700081 0,523654
0,350709 0,881733
0,0270871 0,999307
0,705829 0,515983
0,295173 0,916997
0,310883 0,90756
0,201408 0,962149
0,724285 0,489987
0,421614 0,828963
0,235097 0,947727
0,598611 0,651613
0,753536 0,447867
0,714542 0,503864
0,430943 0,821073
0,044469 0,998462
0,646743 0,592952
0,736967 0,471957
0,710918 0,508504
0,0607241 0,996885
0,185438 0,968139
0,612514 0,636213
0,224788 0,952611
0,0906959 0,993013
0,625165 0,619546
0,492807 0,765168
0,0799474 0,99462
0,0718276 0,995818
0,262193 0,934724
0,555703 0,700405
0,73029 0,480964
0,606938 0,641717
0,274182 0,92875
0,518985 0,739314
0,740239 0,46694
0,121948 0,986739
0,285601 0,922444
0,523743 0,734553
0,659208 0,577571
0,273426 0,929027
0,550414 0,706606
0,688514 0,53909
0,744063 0,461617
0,630556 0,613425
0,636832 0,605752
0,57364 0,680194
0,569356 0,6857
0,694081 0,531457
0,171845 0,972197
0,750527 0,452372
0,191437 0,965887
0,747104 0,457207
0,732019 0,479566
0,380709 0,860214
0,0504733 0,998054
0,678257 0,553171
0,662519 0,573718
0,759555 0,438802
0,260317 0,935874
0,672172 0,560822
0,562783 0,69318
0,642463 0,598415
0,446164 0,807657
0,312418 0,906783
0,544906 0,71236
0,63307 0,610696
0,155206 0,977992
0,47247 0,784377
0,369012 0,869075
0,720228 0,495888
0,465107 0,790752
0,543499 0,713992
0,681825 0,54797
0,498934 0,759174
0,693209 0,532802
0,014823 0,999926
0,655114 0,583305
0,640533 0,601566
0,416586 0,832745
0,460962 0,794237
0,386227 0,856286
0,374811 0,865174
0,0123623 0,999968
0,532634 0,725199
0,591015 0,661377
0,146766 0,980464
0,139358 0,982344
0,16211 0,97597
0,171845 0,972197
