0,280775 4,1441
0,280775 4,1441
1 0
0,280775 2,62362
0,280775 0,921165
0,985306 0,0291722
0,625323 0,608972
0,280775 3,30327
0,968131 0,0627215
0,60078 0,639063
0,280775 3,05997
0,532047 0,716926
0,85805 0,26375
0,280775 2,84391
0,662275 0,561392
0,280775 3,44908
0,517041 0,732668
0,280775 3,21774
0,280775 2,94498
0,280775 3,14208
0,558498 0,68808
0,704244 0,504041
0,687776 0,526964
0,380381 0,85531
0,333859 0,888538
0,295011 0,912969
0,475966 0,773456
0,352568 0,875696
0,955877 0,0863
0,280775 2,71906
0,941422 0,113724
0,872702 0,238392
0,280775 3,54069
0,792531 0,371895
0,582538 0,660649
0,280775 3,77823
0,457103 0,791057
0,595994 0,644792
0,302834 0,908292
0,464787 0,783973
0,385202 0,85162
0,913644 0,165254
0,280775 3,67573
0,494199 0,755768
0,485624 0,764169
0,318916 0,898293
0,738667 0,454371
0,341519 0,883365
0,280775 3,97712
0,810443 0,343182
0,899338 0,191191
0,802619 0,355803
0,425689 0,818789
0,927135 0,14042
0,362886 0,868314
0,835049 0,302692
0,280775 3,86946
0,646554 0,581968
0,950177 0,097164
0,672262 0,548064
0,280775 4,06635
0,567168 0,678321
0,280775 3,89043
0,824784 0,319732
0,399592 0,840326
0,714026 0,490167
0,4456 0,801441
0,314845 0,900873
0,280775 3,73944
0,280775 2,9016
0,894121 0,200548
0,545529 0,702398
0,414658 0,828059
0,93226 0,130892
0,544243 0,7038
0,848091 0,280741
0,280775 3,4823
0,280775 2,70683
0,280775 0,921165
0,506245 0,743716
0,280775 4,00821
0,411256 0,830868
0,726602 0,47205
0,909509 0,172794
0,432171 0,813228
0,280775 2,62769
0,743454 0,447276
0,693605 0,518912
0,503857 0,746128
0,848091 0,280741
0,280775 4,11667
0,635103 0,596644
0,401277 0,838977
0,83287 0,306327
0,280775 3,61609
0,885949 0,215095
0,750062 0,437406
0,672262 0,548064
0,784442 0,384651
0,774393 0,400316
