0 19,8614
0 19,8614
0 19,8614
0 19,8614
0 19,8614
0,000438897 19,6577
0,000248893 19,7249
0 19,8614
0,00254814 18,8775
0,000438897 19,6577
0,00143458 19,2066
0,00232634 18,8847
0,00115784 19,2636
0,00169579 19,1435
0,00143458 19,2066
0,000248893 19,7249
0,00107864 19,2948
0,00319884 18,7827
0,000308459 19,6915
0,00129834 19,2342
0,000165928 19,7583
0,00220826 18,9511
0,000828198 19,4685
0,00109226 19,2831
0,000977056 19,3759
0,00157296 19,1973
0 19,8614
0,00177113 19,0248
0,000566487 19,6048
0,00169579 19,1435
0,00166948 19,1824
0,00213236 19,0129
0,00107864 19,2948
0,0103352 18,759
0 19,8614
0,00143458 19,2066
0,000472146 19,6399
0,000627846 19,5287
0,00100471 19,3685
0,000858412 19,4106
0,000718106 19,5047
0,000185784 19,7461
