0,430086 14,5043
0 17,1692
0,00491133 16,9074
0,337924 14,7335
0,329715 14,7793
0,057121 16,192
0,271751 15,0051
0,391615 14,5871
0,259633 15,0356
0,285046 14,9294
0,401391 14,5589
0,321539 14,7877
0,309797 14,8501
0,313411 14,8167
0,0306963 16,45
0,00214334 17,0218
0,0614442 16,1575
0,40657 14,5395
0,045402 16,2949
0,275654 14,9826
0,300931 14,8754
0,23761 15,1322
0,0344874 16,4006
0,0142518 16,6905
0,427027 14,5118
0,00897144 16,8085
0,051069 16,2416
0,189045 15,3497
0,353085 14,6957
0,110835 15,7855
0,377595 14,6264
0,000714448 17,0916
0,0735701 16,0511
0,254804 15,0454
0,041735 16,3377
0,249137 15,0677
0,231801 15,1501
0,228742 15,1727
0,385045 14,6034
0,175123 15,4404
0,242408 15,1055
0,0889996 15,9432
0,0650189 16,1106
0,217281 15,239
0,0702332 16,0763
0,00612886 16,8592
0,223826 15,196
0,0158485 16,6643
0,108202 15,804
0,0931219 15,9021
0,0824398 15,9784
0,209688 15,2416
0,158002 15,5
0,134609 15,6289
0,0118646 16,7457
0,121928 15,7068
0,344898 14,7156
0,163848 15,4682
0,180678 15,4151
0,139809 15,6038
0,0109466 16,7526
0,116561 15,7538
0,00103115 17,0765
0,195676 15,3132
0,418335 14,536
0,104296 15,832
0,195126 15,3346
0,037844 16,3839
0,200639 15,2902
0,418335 14,536
0,084923 15,9438
0,0281634 16,495
0,128156 15,6862
0,0496495 16,2708
0,132411 15,6584
0,0772021 16,0215
0,347511 14,7106
0,0395045 16,3545
0,357515 14,6697
0,369273 14,6441
0,381757 14,6201
0,0232324 16,5513
0,00818415 16,839
0,15136 15,5586
0,118519 15,7295
0,0672805 16,1011
0,102123 15,8444
0,293174 14,9027
0,169259 15,4559
0,00214334 17,0218
0,024156 16,5401
0,125691 15,6916
0,144662 15,5852
0,0933056 15,8847
0,289375 14,9258
0,153322 15,5284
0,0261867 16,5103
0,0206774 16,5875
0,0185393 16,6299
0,359957 14,669
