0,0160645 3,76932
0,0160645 3,76932
0,691973 0,176241
0,0187777 2,809
0,306754 0,446146
0,0221149 2,68204
0,0593948 1,11388
0,0486329 1,57244
0,41419 0,364575
0,335269 0,424425
0,637543 0,215171
0,0178733 3,12781
0,0184344 3,00083
0,0174713 3,26993
0,0618034 1,01137
0,0308456 2,31324
0,0171699 3,37669
0,615939 0,226797
0,178214 0,605057
0,394149 0,379152
0,285364 0,465806
0,0325263 2,27104
0,0679465 0,971899
0,0434388 1,88407
0,323605 0,442305
0,216238 0,549996
0,448675 0,338003
0,365738 0,399887
0,0351673 2,1601
0,579505 0,245801
0,0530231 1,38242
0,650291 0,205559
0,589326 0,24234
0,0267003 2,58043
0,606342 0,229928
0,0773309 0,8337
0,561699 0,259408
0,0287894 2,43465
0,523271 0,28311
0,0395073 2,00257
0,0779865 0,771262
0,0439696 1,75893
0,0177588 3,19195
0,0268229 2,47546
0,117696 0,739345
0,0169689 3,44794
0,209613 0,581787
0,0162655 3,6978
0,496965 0,303256
0,016433 3,63824
0,232873 0,533502
0,0579595 1,20812
0,0184344 3,00083
0,0166339 3,56683
0,026639 2,63295
0,681314 0,184628
0,663429 0,193747
0,355582 0,407948
0,131586 0,697249
0,0908762 0,757659
0,236269 0,523706
0,0168545 3,5123
0,106988 0,742537
0,197444 0,587281
0,0506658 1,4787
0,169555 0,619365
0,535895 0,275254
0,143885 0,676033
0,25323 0,520784
0,126541 0,706672
0,0545775 1,32186
0,0469837 1,67194
0,384031 0,394829
0,279425 0,479365
0,428826 0,351608
0,0510416 1,46581
0,039022 2,06299
0,161921 0,6378
0,671428 0,192545
0,155909 0,655101
0,0564818 1,28493
0,0721551 0,891887
0,460919 0,328768
0,097321 0,751386
0,432549 0,348959
0,486092 0,31248
0,0443096 1,74192
0,511504 0,293735
0,0405279 1,92286
0,256758 0,508373
0,508226 0,297115
0,0721551 0,891887
0,145887 0,655916
0,0566104 1,22999
0,0465442 1,67708
0,554498 0,263515
0,268799 0,490482
0,472018 0,322765
0,0382954 2,10486
0,03574 2,12399
