0,790474 0,379695
0 1
0 1
0,7223 0,482292
0,735385 0,463298
0,622737 0,61532
0,6464 0,585474
0,761693 0,424227
0,667378 0,558109
0,63645 0,59811
0,609393 0,631685
0,55805 0,69124
0,511179 0,741032
0,119263 0,986224
0,497327 0,754917
0,283638 0,920669
0,712171 0,496688
0,103816 0,989605
0,702974 0,50965
0,56252 0,686254
0,236705 0,944876
0,583504 0,662377
0,0707694 0,995252
0,697439 0,517357
0,465843 0,78501
0,658464 0,569822
0,652093 0,578142
0,332586 0,890739
0,221916 0,951593
0,0256599 0,999437
0,0504061 0,997647
0,442731 0,805924
0,637828 0,596464
0,298283 0,912192
0,57062 0,677125
0,575896 0,671157
0,167225 0,972663
0,547718 0,70256
0,615497 0,624209
0,528778 0,722856
0,390572 0,849082
0,777764 0,399607
0,750952 0,440251
0,678845 0,542713
0,452917 0,796835
0,0168334 0,999779
0,775032 0,403845
0,769668 0,412001
0,0548479 0,997197
0,250645 0,938143
0,601459 0,641214
0,684666 0,534911
0,40058 0,841233
0,475641 0,775834
0,784254 0,389655
0,313736 0,902819
0,462617 0,788018
0,596417 0,647228
0,718816 0,487251
0,523515 0,728337
0,541541 0,709247
0,372153 0,863047
0,0946861 0,991384
0,783253 0,391105
0,740739 0,455463
0,690536 0,526833
0,790474 0,379695
0,673499 0,549977
0,177155 0,969284
0,757358 0,43074
0,378233 0,858503
0,322433 0,897342
0,152883 0,977198
0,619301 0,61958
0,755226 0,433904
0,456111 0,793978
0,368166 0,865965
0,435377 0,812312
0,520047 0,731904
0,202373 0,959812
0,534191 0,717114
0,656866 0,571942
0 1
0,0880913 0,992567
0,515811 0,736294
0,490004 0,762114
0,671907 0,552058
0,591662 0,652817
0,690536 0,526833
0,417659 0,827354
0,745004 0,449138
0,586584 0,655919
0,682424 0,537924
0,769668 0,412001
0,320633 0,89849
0,440252 0,808062
0,357325 0,873783
0,243022 0,941877
0,701039 0,512333
0,738403 0,458867
