0,0160645 3,76932
0,691973 0,176241
0,0160645 3,76932
0,0779865 0,771262
0,150748 0,739081
0,165647 0,641744
0,212234 0,617693
0,0200983 3,46093
0,269494 0,554734
0,379191 0,42227
0,528684 0,29862
0,248682 0,559995
0,0773309 0,8337
0,448057 0,361359
0,0309364 2,59997
0,0499375 1,64223
0,057144 1,25895
0,0549814 1,38717
0,311754 0,491611
0,585782 0,259702
0,233832 0,566307
0,153699 0,681767
0,0339242 2,45158
0,671428 0,192545
0,0184012 3,58143
0,0337292 2,53502
0,0241292 3,13358
0,281223 0,52265
0,02147 3,32984
0,0440918 1,93202
0,047165 1,73167
0,600499 0,253964
0,610581 0,241711
0,506407 0,313071
0,041207 2,10945
0,0392037 2,22232
0,027971 2,88126
0,426818 0,373688
0,487311 0,320703
0,0230746 3,21142
0,0579763 1,21822
0,0618034 1,01137
0,0596534 1,13576
0,360571 0,432639
0,0760197 0,959666
0,340969 0,462911
0,0291292 2,78985
0,0453569 1,8506
0,0192844 3,5344
0,0760197 0,959666
0,0618034 1,01137
0,62414 0,230107
0,681314 0,184628
0,296159 0,491957
0,637543 0,215171
0,0392189 2,15062
0,468856 0,355116
0,654439 0,207087
0,0527171 1,48866
0,041908 2,02077
0,0172268 3,68773
0,412938 0,387535
0,395894 0,412855
0,222886 0,60159
0,460222 0,358918
0,0253226 3,06039
0,558498 0,272617
0,0515419 1,56803
0,0537383 1,42468
0,025744 3,02557
0,291547 0,509586
0,0305057 2,70584
0,34701 0,45087
0,0228036 3,26448
0,0364614 2,36257
0,0354182 2,37796
0,0428619 1,99677
0,539737 0,288346
0,651466 0,208313
0,0287568 2,82705
0,328123 0,482308
0,504705 0,317004
0,569309 0,267534
0,406543 0,3998
0,0596534 1,13576
0,0305057 2,70584
0,357724 0,443813
0,480244 0,342803
0,0171939 3,69536
0,328123 0,482308
0,425224 0,379514
0,0469664 1,78097
0,631213 0,224762
0,0516212 1,53505
0,549798 0,280076
0,0372768 2,28437
0,0265868 2,95611
0,0464181 1,81474
0,0265868 2,95611
0,150748 0,739081
