0,0541948 47,1264
0,0304645 47,3292
0,0019144 49,3942
0,00141754 49,7917
0,0177135 48,0486
0,00522126 49,2009
0,00801719 48,851
0,00137032 50,0155
0,00744478 48,9465
0,00038698 51,4593
0,000423825 51,2447
0,0206918 47,9615
0,0207617 47,9495
0,0227625 47,8075
0,0227625 47,8075
0,00629868 49,0531
0,0100728 48,6856
0,00141754 49,7917
0,0019144 49,3942
0,000282147 51,7894
0,000310258 51,7077
0,000791318 50,8057
0,0138896 48,3909
0,00118636 50,1596
0,0141506 48,2796
0,000909111 50,5504
0,0121039 48,5125
0,0149181 48,2772
0,0158131 48,2143
0,00562388 49,0778
0,000317683 51,5785
0,000946557 50,4425
0,00120677 50,1029
0,0163978 48,2047
0,00557055 49,1754
0,000719655 50,8209
0,0167144 48,1193
0,0136358 48,4515
0,000511764 51,1579
0,000376309 51,5518
0,000519127 51,122
0,00103548 50,3375
0,000992813 50,3984
0,0167144 48,1193
0,00522126 49,2009
0,00522126 49,2009
0,0420132 47,3096
0,021433 47,9069
0 51,8214
0,0129506 48,462
0,01933 47,9851
0,00107056 50,2394
0,00141754 49,7917
0,00408756 49,3232
0,00156742 49,7106
0,00137032 50,0155
0,0262142 47,5323
0,000317683 51,5785
0,0176902 48,0516
0,000578408 50,9367
0,00038698 51,4593
0,0112655 48,5636
0,00156742 49,7106
0,0224115 47,8954
0,0126015 48,4977
0,0112655 48,5636
0,0156001 48,2769
0,0557563 46,4522
0,010898 48,5774
0,000578408 50,9367
0,000803451 50,5755
0,0444992 47,1493
0,0141506 48,2796
0,00847529 48,8344
0,00926388 48,7141
0,00156742 49,7106
0,00557055 49,1754
0,00779008 48,8902
0,00103548 50,3375
