0,691973 0,176241
0,0160645 3,76932
0,0160645 3,76932
0,0194526 3,54874
0,0553533 1,38811
0,0596534 1,13576
0,0392189 2,15062
0,041908 2,02077
0,276407 0,558697
0,146671 0,772888
0,0305057 2,70584
0,490562 0,34234
0,0760197 0,959666
0,554282 0,288727
0,125777 0,800865
0,51628 0,322452
0,640997 0,217251
0,596196 0,25511
0,168735 0,73996
0,681314 0,184628
0,608556 0,24359
0,0455334 1,87713
0,0442911 1,9589
0,0309364 2,59997
0,0297257 2,79374
0,0220076 3,33574
0,579371 0,271869
0,303809 0,552005
0,467939 0,373533
0,571022 0,276712
0,157119 0,759694
0,209052 0,683843
0,0237217 3,20179
0,324956 0,524928
0,259832 0,625424
0,0272144 2,97749
0,181579 0,717036
0,0831279 0,935108
0,0222229 3,28185
0,0360615 2,3142
0,104452 0,865527
0,314509 0,533463
0,0350039 2,4436
0,0493637 1,72413
0,0618034 1,01137
0,0596534 1,13576
0,358951 0,485838
0,0354182 2,37796
0,0926054 0,903486
0,0275448 2,88873
0,120601 0,857409
0,0618034 1,01137
0,0521252 1,5089
0,664167 0,198167
0,0267429 3,10001
0,0211466 3,43981
0,20266 0,70826
0,425894 0,413665
0,0343073 2,50865
0,235419 0,643437
0,389234 0,456318
0,530566 0,311416
0,3736 0,48369
0,191409 0,715528
0,654439 0,207087
0,0245949 3,14544
0,0516392 1,58742
0,415143 0,416089
0,477693 0,361301
0,0499375 1,64223
0,62414 0,230107
0,338219 0,511176
0,37742 0,462888
0,0311517 2,5471
0,350965 0,498988
0,0214726 3,43363
0,453935 0,385647
0,0287504 2,85259
0,223848 0,671609
0,0378139 2,24784
0,397483 0,446018
0,100358 0,892453
0,24154 0,627599
0,270663 0,588586
0,62275 0,231297
0,436224 0,404149
0,0543244 1,44227
0,0472861 1,76438
0,440352 0,397077
0,223978 0,658098
0,486074 0,355761
0,521473 0,321859
0,541075 0,304789
0,122008 0,828137
0,450799 0,390097
0,0462101 1,8057
0,342267 0,50611
0,0535606 1,47084
0,0378139 2,24784
0,303809 0,552005
