0,280775 6,2013
1 0
0,280775 6,2013
0,524613 0,724781
0,302811 2,79124
0,303408 0,907944
0,331968 0,889797
0,630738 0,60217
0,297615 2,86847
0,29409 3,11827
0,887228 0,212827
0,281027 3,79039
0,321272 0,896785
0,281006 3,97957
0,67975 0,53794
0,280776 5,78752
0,280776 6,03144
0,871507 0,240475
0,742181 0,449168
0,28908 3,14977
0,700048 0,509932
0,281236 3,67271
0,288212 3,28228
0,834546 0,303533
0,280807 5,27372
0,280787 5,35744
0,654086 0,572172
0,280809 5,15889
0,898124 0,193372
0,280942 4,38972
0,28092 4,51605
0,978093 0,0433332
0,280854 4,87964
0,943312 0,110163
0,967774 0,0634132
0,280844 4,98294
0,710974 0,494516
0,778669 0,393674
0,303408 0,907944
0,768818 0,408919
0,281455 3,51072
0,280777 5,62847
0,280781 5,46492
0,280992 4,08825
0,792467 0,371997
0,280777 5,62847
0,280776 5,78752
0,28096 4,27318
0,865088 0,251623
0,726873 0,471655
0,280865 4,81263
0,660954 0,563139
0,28097 4,21501
0,934756 0,126231
0,847488 0,281764
0,813411 0,338362
0,785116 0,383593
0,910789 0,170463
0,281455 3,51072
0,284927 3,40057
0,669152 0,552236
0,962163 0,0742417
0,280775 6,06517
0,716882 0,486081
0,842505 0,290186
0,904275 0,182287
0,91771 0,157809
0,809004 0,345513
0,280933 4,45016
0,287796 3,34082
0,923298 0,147521
0,302811 2,79124
0,950889 0,0958092
0,929454 0,136115
0,281159 3,71363
0,63753 0,593555
0,822961 0,322735
0,954854 0,0882536
0,762498 0,418596
0,280826 5,04634
0,280816 5,09625
0,64278 0,586834
0,280903 4,62576
0,700312 0,509564
0,757366 0,426397
0,280996 4,05329
0,280781 5,46492
0,984283 0,031187
0,674689 0,544794
0,280879 4,72724
0,280903 4,62576
0,724467 0,475147
0,331968 0,889797
0,822961 0,322735
0,74944 0,43834
0,856486 0,266431
0,856486 0,266431
0,280879 4,72724
0,800781 0,35875
0,287489 3,40051
