0,0378982 4,25276
0,0378982 4,25276
0,842686 -0,452236
0,829494 -0,360734
0,651255 -0,297045
0,62296 -0,0575924
0,445452 -0,0095117
0,413319 0,244608
0,271782 0,340543
0,161465 1,19035
0,258936 0,413008
0,23984 0,464726
0,0510393 3,29441
0,0666182 2,3966
0,213167 0,719851
0,0491084 3,47767
0,107918 1,52768
0,0417849 3,96534
0,174395 1,09137
0,0690641 2,17389
0,0456756 3,68317
0,0598436 2,76099
0,833891 -0,405073
0,157863 1,22674
0,21035 0,820781
0,0388505 4,18156
0,43204 0,131476
0,060278 2,64821
0,0512463 3,19428
0,0736387 1,94197
0,0964031 1,59583
0,0397342 4,10261
0,0568117 2,94011
0,260256 0,366557
0,418974 0,146227
0,0643566 2,448
0,133857 1,39175
0,0878729 1,64322
0,0778502 1,71682
0,0754238 1,84744
0,0582303 2,87246
0,0424294 3,87673
0,0735843 1,99265
0,142745 1,3433
0,0476867 3,5604
0,0716797 2,07272
0,0467866 3,60181
0,0450593 3,76259
0,0676421 2,26842
0,0778502 1,71682
0,417608 0,223598
0,435738 0,0222445
0,0434062 3,80442
0,0557467 3,0067
0,116112 1,49634
0,626068 -0,100025
0,0637279 2,52616
0,0593817 2,81204
0,122762 1,44746
0,226765 0,611627
0,220378 0,694594
0,0708374 2,11301
0,0547768 3,0519
0,182187 1,04516
0,191848 0,986267
0,645259 -0,279331
0,208391 0,856718
0,150657 1,29386
0,0547228 3,11714
0,0754238 1,84744
0,630465 -0,135277
0,204239 0,89754
0,0622405 2,61477
0,0676421 2,26842
0,0497385 3,38967
0,0514918 3,13816
0,0626452 2,55901
0,150657 1,29386
0,0497385 3,38967
0,230827 0,573099
0,271782 0,340543
0,0420794 3,93919
0,195771 0,966605
0,181494 1,08998
0,428532 0,140438
0,445452 -0,0095117
0,435738 0,0222445
0,635753 -0,197718
0,122762 1,44746
0,0952474 1,60694
0,236283 0,521837
0,0397342 4,10261
0,639686 -0,251672
0,231554 0,544367
0,197771 0,928585
0,0894483 1,63977
0,111203 1,50329
0,236958 0,491395
0,638446 -0,235312
0,138577 1,36173
