0,280811 9,68299
0,280811 9,68299
0,622991 8,33548
0,630738 5,78691
0,630738 5,78691
0,630739 4,74928
0,390783 8,60923
0,599559 8,36345
0,353153 8,7333
0,455158 8,53041
0,713525 4,15492
0,307595 8,91484
0,706439 4,16957
0,732977 4,12236
0,280852 9,41797
0,364835 8,64425
0,687509 4,20353
0,440499 8,54774
0,28123 9,30358
0,341056 8,77887
0,280823 9,59735
0,565901 8,40281
0,622991 8,33548
0,413388 8,5806
0,6397 4,30261
0,589107 8,37576
0,631244 4,51365
0,630739 4,74928
0,48512 8,4956
0,494363 8,48497
0,540879 8,43165
0,364835 8,64425
0,429258 8,56121
0,469086 8,51415
0,665706 4,24094
0,281795 9,14795
0,290448 9,03958
0,675158 4,22047
0,73947 4,11243
0,514223 8,4622
0,320566 8,86356
0,320566 8,86356
0,332776 8,80691
0,473427 8,50911
0,422241 8,56973
0,659066 4,25681
0,290448 9,03958
0,302706 8,99625
0,533111 8,44056
0,281795 9,14795
0,752985 4,0959
0,552534 8,41825
0,631916 4,37617
0,749376 4,10363
0,647374 4,28365
0,631244 4,51365
0,631916 4,37617
0,554594 8,41587
0,65165 4,27294
0,681244 4,21131
0,589107 8,37576
0,521925 8,45338
0,302706 8,99625
0,505564 8,47212
0,525978 8,44874
0,342392 8,77101
0,364835 8,64425
0,513845 8,46263
0,411125 8,58341
0,852015 0,27407
0,342392 8,77101
0,281795 9,14795
0,41894 8,57376
0,52205 8,45323
0,732977 4,12236
0,280811 9,68299
0,356158 8,70839
0,630738 5,78691
0,630739 4,74928
0,722371 4,14504
0,732977 4,12236
0,758596 3,81511
0,732977 4,12236
0,599559 8,36345
0,68379 4,20844
0,455158 8,53041
0,72388 4,13838
0,521684 8,45365
0,852015 0,27407
0,753312 4,09489
0,852015 0,27407
0,280811 9,68299
0,471133 8,51177
