0,280808 0,921147
0,280808 0,921147
0,999987 2,64135e-05
0,799529 0,360753
0,558314 0,688286
0,649792 0,577771
0,867294 0,247802
0,971861 0,0554866
0,912693 0,166991
0,874228 0,235725
0,898733 0,19228
0,697845 0,513012
0,984703 0,0303597
0,681431 0,535652
0,421588 0,822264
0,758932 0,424022
0,671689 0,548835
0,780576 0,390701
0,54768 0,700046
0,653927 0,57238
0,397344 0,842118
0,750709 0,436436
0,506778 0,743176
0,999315 0,00136862
0,492178 0,757761
0,535754 0,712968
0,771077 0,40544
0,901876 0,18662
0,477149 0,772329
0,911779 0,168659
0,741095 0,450778
0,430243 0,814891
0,980347 0,0389201
0,449911 0,79758
0,976013 0,0473979
0,772707 0,402923
0,530412 0,718663
0,675065 0,544288
0,705311 0,502536
0,391572 0,846671
0,516958 0,732755
0,513534 0,736283
0,457671 0,790538
0,780576 0,390701
0,441992 0,804643
0,43821 0,807972
0,465389 0,783413
0,469864 0,779228
0,485373 0,764413
0,424596 0,819718
0,454757 0,793196
0,523789 0,725645
0,485677 0,764118
0,524326 0,725082
0,720656 0,480655
0,735074 0,459667
0,724777 0,474698
0,385633 0,851287
0,730143 0,466891
0,716047 0,487276
0,397344 0,842118
0,384145 0,852433
0,737844 0,455587
0,719334 0,482559
0,34133 0,883494
0,732303 0,463732
0,325808 0,893849
0,346901 0,879659
0,712428 0,492447
0,380826 0,854971
0,651171 0,575976
0,439973 0,806424
0,36495 0,866811
0,900248 0,189554
0,308714 0,904696
0,349649 0,877745
0,338758 0,885243
0,710108 0,495747
0,374409 0,859818
0,468386 0,780615
0,708471 0,498069
0,319592 0,897861
0,355559 0,873577
0,322741 0,895838
0,331824 0,889893
0,330363 0,89086
0,343497 0,88201
0,466626 0,782261
0,714362 0,489687
0,37219 0,861475
0,711201 0,494193
0,353299 0,87518
0,72788 0,470191
0,363024 0,868214
0,367039 0,865283
0,322302 0,896121
0,31105 0,903248
0,356701 0,872765
0,707102 0,500006
0,361927 0,869009
