0,441062 -0,0314677
0 1,01006
0,418255 0,210396
0,25231 0,248445
0,0812467 0,671621
0,182502 0,669315
0,429289 0,00322343
0,222679 0,38455
0,201174 0,547239
0,20393 0,52628
0,191278 0,616412
0,00686593 0,924561
0,00107538 0,976997
0,0457702 0,744481
0,0656003 0,692282
0,0521149 0,722925
0,205536 0,513553
0,0487663 0,733863
0,247702 0,256827
0,0313946 0,802096
0,00869481 0,91289
0,0611677 0,701683
0,216594 0,429949
0,0341388 0,788291
0,228165 0,348262
0,234433 0,3099
0,426638 0,0300273
0,0238317 0,835228
0,422517 0,105868
0,236197 0,302377
0,0256041 0,821542
0,219537 0,407834
0,432605 -0,00230031
0,421745 0,133311
0,23077 0,330289
0,0197595 0,855416
0,0143498 0,881319
0,187291 0,642917
0,185154 0,654221
0,43878 -0,0277725
0,0423231 0,757553
0,420143 0,199211
0,42124 0,154253
0,0217483 0,845352
0,194114 0,596326
0,00272022 0,958205
0,197416 0,575588
0,231983 0,32562
0,0363485 0,779146
0,217872 0,418954
0,213798 0,450031
0,0549886 0,711744
0,0698394 0,683673
0,425313 0,044157
0,423325 0,0661882
0,214449 0,445696
0,0386931 0,770662
0,224441 0,373371
0,0114808 0,896075
0,421055 0,161791
0,1959 0,585985
0,244599 0,266194
0,420522 0,178362
0,207543 0,498005
0,0571777 0,707295
0,22601 0,366145
0,239021 0,288385
0,00435639 0,942478
0,0109749 0,899329
0,241593 0,276585
0,2272 0,35535
0,0725946 0,681559
0,199266 0,559643
0,0155349 0,874546
0,420396 0,185299
0,423087 0,0854741
0,211738 0,466899
0,0408709 0,763221
0,435788 -0,0133462
0,183386 0,664393
0,189362 0,628017
0,198923 0,563819
0,423087 0,0854741
0,423325 0,0661882
0,0760313 0,675551
0,18886 0,632022
0,00322615 0,952438
0,000333503 0,991852
0,422232 0,11612
0,25231 0,248445
0,000289604 0,994634
0,0290723 0,811819
0,435788 -0,0133462
0,422002 0,124135
0,0280905 0,812948
0,239594 0,286444
0,208142 0,494791
0,243135 0,271563
0,425313 0,044157
0,426638 0,0300273
