0,146625 406,2
0,146625 406,2
0,146625 406,2
0,146625 406,2
0,115801 421,727
0,115801 421,727
0,115801 421,727
0,115801 421,727
0,146625 406,2
0,146625 406,2
0,146625 406,2
0,115801 421,727
0,115801 421,727
0 626,549
0,146625 406,2
0,0375285 520,966
0,0417496 495,491
0,155586 376,511
0,146625 406,2
0,146625 406,2
0,111069 422,149
0,0478367 468,038
0,146625 406,2
0 626,549
0,146625 406,2
0,115801 421,727
0,0336522 550,72
0,0260717 573,771
0,146625 406,2
0,111069 422,149
0,115801 421,727
0,0365524 526,164
0,146625 406,2
0,115801 421,727
0,0403138 511,469
0,155586 376,511
0 626,549
0,0540983 438,432
0,115801 421,727
0,0496871 456,99
0,111069 422,149
0,00502231 603,417
0,0535199 452,026
0,0410507 509,315
0,0336522 550,72
0,060348 431,729
0,146625 406,2
0,0392053 516,824
0,0345952 542,331
0,146625 406,2
0,0337855 550,397
0,0311254 560,065
0,00502231 603,417
0,146625 406,2
0,115801 421,727
0,0539055 441,596
0,00669642 594,022
0,0336522 550,72
0,0417496 495,491
0,0399685 514,36
0,0311254 560,065
0,146625 406,2
0,0417496 495,491
0,146625 406,2
0,115801 421,727
0,0320921 555,336
0,0413788 506,365
0,0399685 514,36
0,0539055 441,596
0,0345952 542,331
0,0254482 578,39
0,115801 421,727
0 626,549
0,0496871 456,99
0,0417496 495,491
0,0365524 526,164
0,00669642 594,022
0,0261006 567,323
0,146625 406,2
0,146625 406,2
0,0415694 502,91
0,00502231 603,417
0,040232 512,704
0,0496871 456,99
0,034638 538,488
0,0235483 581,789
0,0441607 489,438
0,0528041 453,905
0,146625 406,2
0,146625 406,2
0,0370985 522,014
0,0383278 519,162
0,0223993 582,691
0,032508 552,831
0,0345952 542,331
0,0260717 573,771
0,0359558 532,245
0,155586 376,511
0,0350242 533,325
0,0295808 564,863
