0,000154092 2,16736
0,95538 0,0264822
0,000154092 2,16736
0,00260146 2,0061
0,0753001 0,844289
0,0984047 0,799941
0,829441 0,102357
0,725915 0,153719
0,00566067 1,84211
0,567291 0,248403
0,761968 0,143508
0,602403 0,240707
0,648587 0,196175
0,104115 0,757848
0,13718 0,716212
0,3296 0,455417
0,853116 0,0795631
0,356394 0,444023
0,0148383 1,39779
0,629582 0,216003
0,0227243 1,04204
0,0249337 0,945454
0,0588329 0,865027
0,0541764 0,898061
0,801984 0,107284
0,902396 0,0621507
0,173011 0,654547
0,944223 0,0339413
0,0210587 1,1157
0,879927 0,0742422
0,444977 0,356122
0,0201183 1,15763
0,18991 0,638398
0,70976 0,161037
0,558203 0,277173
0,247556 0,56469
0,921907 0,0490272
0,425371 0,360628
0,525312 0,280306
0,49519 0,296303
0,00413107 1,92218
0,399382 0,397719
0,488608 0,32883
0,138056 0,698575
0,305252 0,488933
0,0221804 1,06601
0,525312 0,280306
0,368222 0,435599
0,0191212 1,20234
0,00810804 1,71887
0,0133087 1,46906
0,280954 0,490457
0,251304 0,498697
0,251304 0,498697
0,204752 0,600825
0,460761 0,346382
0,695615 0,175748
0,0074962 1,74924
0,0166738 1,31333
0,00895783 1,6771
0,790826 0,115398
0,319885 0,476921
0,865992 0,0748339
0,780297 0,126266
0,38409 0,43017
0,0185094 1,22992
0,0177729 1,26327
0,153855 0,674321
0,219393 0,582318
0,0120624 1,52778
0,0094337 1,65389
0,012187 1,52188
0,0108613 1,58499
0,418097 0,388795
0,153855 0,674321
0,00647646 1,80048
0,0157561 1,35542
0,770048 0,133459
0,00351923 1,95516
0,232775 0,576649
0,913401 0,0511264
0,0362335 0,914266
0,0249337 0,945454
0,0362335 0,914266
0,280954 0,490457
0,0133087 1,46906
0,476473 0,334924
0,104115 0,757848
0,668668 0,186935
0,184648 0,645761
0,00678239 1,78502
0,6171 0,229204
0,0171837 1,29006
0,204752 0,600825
0,561451 0,27199
0,680175 0,186052
0,49519 0,296303
0,469782 0,341904
0,24194 0,565717
0,687215 0,179851
