0,280775 0,921165
1 0
0,280775 0,921165
0,915281 0,162262
0,824731 0,319818
0,770321 0,406605
0,471842 0,777366
0,85681 0,265876
0,376066 0,858575
0,557242 0,689482
0,845018 0,285945
0,760833 0,421134
0,989342 0,0212025
0,342821 0,882474
0,870661 0,24195
0,954282 0,0893458
0,35457 0,87428
0,530915 0,718129
0,906382 0,178471
0,725587 0,473523
0,981128 0,0373886
0,97013 0,0588484
0,634993 0,596784
0,778237 0,394347
0,456322 0,79177
0,705019 0,502948
0,996618 0,0067531
0,566751 0,678794
0,677666 0,540769
0,385612 0,851303
0,502242 0,747753
0,623534 0,611205
0,877009 0,230856
0,298479 0,91091
0,291203 0,915201
0,600623 0,639252
0,92461 0,145097
0,581167 0,662245
0,694199 0,518087
0,421723 0,82215
0,435481 0,810356
0,523957 0,725469
0,319723 0,897777
0,714379 0,489663
0,395154 0,843853
0,733866 0,461441
0,94958 0,0982979
0,684733 0,531141
0,961763 0,0750124
0,782975 0,386949
0,405411 0,835642
0,750205 0,437192
0,886865 0,213471
0,513055 0,736774
0,898168 0,193295
0,334203 0,888308
0,419163 0,824303
0,984227 0,0312971
0,833396 0,305452
0,903293 0,184063
0,706629 0,500676
0,688131 0,526476
0,539899 0,708509
0,307607 0,905378
0,816535 0,333271
0,894056 0,200664
0,945561 0,105914
0,364732 0,866971
0,311351 0,903061
0,863961 0,253572
0,549057 0,698536
0,942097 0,112454
0,661323 0,562652
0,408994 0,832724
0,672687 0,547492
0,809328 0,344988
0,811821 0,340947
0,573401 0,671211
0,93645 0,123062
0,738689 0,454338
0,362337 0,868712
0,592605 0,648819
0,64091 0,589234
0,64588 0,582839
0,787768 0,379422
0,391532 0,846703
0,281939 0,92051
0,745242 0,444614
0,58564 0,657025
0,441729 0,804876
0,928331 0,138202
0,326588 0,89334
0,485312 0,764472
0,518292 0,731373
0,616847 0,6195
0,49337 0,756586
0,931458 0,132386
0,588959 0,653127
0,755575 0,429107
0,478127 0,771395
