0,000154092 2,16736
0,95538 0,0264822
0,0180057 1,25271
0,00463413 1,89551
0,468421 0,315587
0,842213 0,0862676
0,617449 0,231976
0,864896 0,0743772
0,794797 0,113634
0,0071949 1,76429
0,667403 0,189966
0,93754 0,0351037
0,273678 0,489085
0,644457 0,20401
0,401409 0,376764
0,536693 0,27888
0,882159 0,0637562
0,113466 0,710835
0,204672 0,56363
0,251304 0,498697
0,51874 0,283943
0,0447456 0,873006
0,777324 0,123226
0,916272 0,044109
0,759615 0,134443
0,0201183 1,15763
0,0762336 0,797101
0,334982 0,44217
0,146192 0,655497
0,0341663 0,926842
0,901853 0,0546497
0,0100184 1,62555
0,00818862 1,71489
0,247403 0,530673
0,00364153 1,94852
0,502071 0,301457
0,592246 0,244106
0,629438 0,209976
0,000616634 2,12912
0,350161 0,420336
0,422738 0,363182
0,01182 1,53928
0,17592 0,616264
0,444401 0,343776
0,00131657 2,08231
0,36282 0,417347
0,458567 0,333452
0,136165 0,695767
0,375068 0,39408
0,555856 0,263304
0,00602481 1,82345
0,0132996 1,46948
0,230162 0,543819
0,0018696 2,04854
0,047717 0,857513
0,715112 0,159658
0,221783 0,551964
0,098271 0,731301
0,81726 0,101189
0,0212765 1,10603
0,0229056 1,03407
0,0129135 1,48761
0,290618 0,481684
0,318572 0,446349
0,165331 0,631402
0,0157724 1,35467
0,822445 0,098933
0,031087 0,93854
0,0579846 0,824695
0,00258978 2,00677
0,429498 0,353074
0,0169288 1,30168
0,585514 0,249158
0,155519 0,642533
0,187601 0,596359
0,130005 0,700675
0,700463 0,172004
0,0890571 0,76576
0,0229056 1,03407
0,0242577 0,974872
0,00610463 1,81938
0,742533 0,144096
0,00301117 1,98311
0,0145257 1,41228
0,0810687 0,779007
0,294302 0,462458
0,0108952 1,58337
0,565648 0,251934
0,0201183 1,15763
0,0579846 0,824695
0,0165931 1,31702
0,092311 0,740173
0,502071 0,301457
0,0212765 1,10603
0,0242577 0,974872
0,00818862 1,71489
0,681351 0,181134
0,191757 0,585392
0,95538 0,0264822
0,0111907 1,56924
