0,146625 405,533
0,146625 405,533
0,115801 410,432
0,115801 410,432
0,115801 410,432
0,146625 405,533
0,146625 405,533
0,0359609 422,347
0,115801 410,432
0,115801 410,432
0,0359609 422,347
0,115801 410,432
0 486,332
0,111069 419,064
0,146625 405,533
0,0359609 422,347
0,146625 405,533
0,155586 367,855
0,146625 405,533
0,115801 410,432
0,115801 410,432
0,0359609 422,347
0,155586 367,855
0,155586 367,855
0,0155232 433,413
0,146625 405,533
0,0359609 422,347
0,115801 410,432
0,0213449 427,639
0,0359609 422,347
0,115801 410,432
0,115801 410,432
0,0160719 433
0,0180165 432,294
0,146625 405,533
0,146625 405,533
0,00747455 447,935
0,00215274 478,361
0,155586 367,855
0,115801 410,432
0,155586 367,855
0,032475 423,081
0,155586 367,855
0,0199571 430,335
0,00747455 447,935
0,146625 405,533
0,155586 367,855
0,0213449 427,639
0,032475 423,081
0,00249152 470,275
0,00837247 446,372
0,0213449 427,639
0,115801 410,432
0,155586 367,855
0,0359609 422,347
0,00307242 455,804
0,00986707 442,082
0,0222101 426,801
0,0186634 431,537
0,115801 410,432
0,00837247 446,372
0,115801 410,432
0,0201351 429,042
0,115801 410,432
0,155586 367,855
0,146625 405,533
0,00837247 446,372
0,0144091 433,584
0,0106306 439,749
0,0196919 430,733
0,0122563 435,23
0,0164942 432,847
0,115801 410,432
0,032475 423,081
0,00464547 450,821
0,0264703 424,038
