0,842686 -0,452236
0,0378982 4,25276
0,0378982 4,25276
0,651255 -0,297045
0,829494 -0,360734
0,62296 -0,0575924
0,452925 -0,0187937
0,413319 0,244608
0,271782 0,340543
0,0878729 1,64322
0,205345 0,82173
0,0736387 1,94197
0,0552118 3,042
0,060278 2,64821
0,0514918 3,13816
0,0697961 2,16526
0,0415221 3,99488
0,25102 0,397269
0,833891 -0,405073
0,243102 0,437845
0,430719 0,0636283
0,421978 0,16577
0,0716797 2,07272
0,0599763 2,75096
0,0391268 4,15529
0,050178 3,36159
0,271782 0,340543
0,185119 1,04324
0,0623457 2,58269
0,238317 0,490349
0,643969 -0,278729
0,629397 -0,14834
0,0459347 3,66779
0,0447366 3,72534
0,0754238 1,84744
0,0778502 1,71682
0,0721138 2,01875
0,0682114 2,22693
0,0638163 2,51899
0,0511293 3,30479
0,161465 1,19035
0,0669573 2,33142
0,192149 1,00154
0,224724 0,604923
0,0575815 2,86496
0,0656308 2,42093
0,233056 0,527707
0,107053 1,55966
0,196747 0,903792
0,201573 0,867718
0,0778502 1,71682
0,212052 0,730535
0,417608 0,223598
0,626068 -0,100025
0,0481694 3,53293
0,0590731 2,80045
0,0566419 2,98081
0,229103 0,572451
0,195564 0,966287
0,0571173 2,92605
0,133857 1,39175
0,122762 1,44746
0,217301 0,675455
0,0403102 4,06897
0,0964031 1,59583
0,107918 1,52768
0,0430773 3,89799
0,260256 0,366557
0,21993 0,656361
0,168372 1,14967
0,0677786 2,29534
0,0511773 3,22765
0,181494 1,08998
0,157863 1,22674
0,150657 1,29386
0,0467791 3,59226
0,0645343 2,45399
0,637124 -0,231711
0,438608 0,0154487
0,439723 0,00864829
0,0754238 1,84744
0,451252 -0,0177677
0,174395 1,09137
0,0439056 3,80082
0,142745 1,3433
0,133857 1,39175
0,842686 -0,452236
0,0952474 1,60694
0,142745 1,3433
0,150657 1,29386
0,0498117 3,4532
0,170085 1,12737
0,262222 0,348667
0,0397832 4,10466
0,0423245 3,90699
0,0512463 3,19428
0,0498117 3,4532
0,122762 1,44746
0,116112 1,49634
0,212052 0,730535
