0,868311 0,496007
0,00249048 9,79395
0,00249048 9,79395
0,0153821 3,90246
0,0174645 2,8697
0,396455 1,29091
0,055874 1,67237
0,0416627 2,04095
0,251589 1,44746
0,829033 0,587211
0,0185057 2,3533
0,0127222 5,12801
0,21897 1,48912
0,0174645 2,8697
0,349446 1,31043
0,868311 0,496007
0,164476 1,587
0,0114144 5,70812
0,00946025 6,61319
0,0032913 9,44253
0,468127 1,20638
0,010686 6,01924
0,0149519 4,07592
0,0132994 4,81052
0,0143296 4,34166
0,00801571 7,25162
0,0123819 5,39224
0,338573 1,32662
0,206579 1,5203
0,00631637 8,02336
0,316827 1,35824
0,805271 0,643675
0,0101423 6,25277
0,695356 0,841231
0,00516966 8,57751
0,613519 0,988483
0,0262247 2,24926
0,509309 1,12681
0,00449254 8,91541
0,274071 1,43559
0,00748183 7,48589
0,522401 1,10809
0,750479 0,754497
0,00489295 8,7397
0,493253 1,15534
0,539213 1,09793
0,0826224 1,64717
0,682264 0,865445
0,0137543 4,69491
0,433197 1,26
0,660667 0,91793
0,63334 0,945603
0,481805 1,17382
0,309241 1,39713
0,070881 1,66385
0,290951 1,4
0,820002 0,605923
0,00609418 8,21258
0,764991 0,724275
0,550653 1,07027
0,599536 1,00452
0,00836279 7,0795
0,190937 1,58526
0,670231 0,906991
0,775018 0,706995
0,00355825 9,3254
0,44275 1,21207
0,564184 1,06523
0,712945 0,829211
0,144126 1,59078
0,121112 1,60371
0,121112 1,60371
0,100895 1,64597
0,00409213 9,09112
0,738763 0,787954
0,732815 0,823453
0,629359 0,963273
0,00563436 8,38379
0,4162 1,2868
0,0309618 2,12659
0,00705462 7,71299
0,00389436 9,16771
0,00896756 6,8277
0,0106171 6,15139
0,190937 1,58526
0,00732156 7,59586
0,789987 0,663272
0,58841 1,0189
0,144126 1,59078
0,0091042 6,72358
0,71847 0,827702
0,283407 1,43142
0,572564 1,04358
0,0139681 4,48216
0,416893 1,261
0,786424 0,672213
0,0356015 2,10448
0,00678768 7,83013
0,100895 1,64597
0,581042 1,03013
