0,032648 39,6685
0 52,1543
0,032648 39,6685
0,00237013 45,0466
0,141617 31,4374
0,135385 32,0134
0,032648 39,6685
0 52,1543
0 52,1543
0 52,1543
0,032648 39,6685
0,135385 32,0134
0 52,1543
0,13954 31,454
0,032648 39,6685
0 52,1543
0,00237013 45,0466
0,032648 39,6685
0,00122905 48,2114
0,00010141 51,0435
0 52,1543
0,00105113 48,6706
0,0011041 48,3768
0,032648 39,6685
0,000314053 50,619
0 52,1543
0 52,1543
0 52,1543
0,135385 32,0134
0,00163079 46,7828
0,141617 31,4374
0,138848 31,4897
0,264566 30,7941
0,00105113 48,6706
3,38033e-05 51,5548
0,000577401 49,892
0,000560499 50,095
0,000549232 50,2595
0 52,1543
0 52,1543
0,0010872 48,5786
0,00186034 46,4162
0 52,1543
0 52,1543
0,000936379 49,2894
0,0012451 48,157
0,0011041 48,3768
0 52,1543
0 52,1543
0,00156776 47,2024
0,000314053 50,619
0 52,1543
0,0015051 47,4053
0,000824717 49,482
0,00186034 46,4162
0 52,1543
0,00163079 46,7828
0 52,1543
0,00117422 48,2166
0,00055111 50,2305
0 52,1543
0,000554865 50,1744
0 52,1543
0,137463 31,774
0,000801312 49,6982
0,000982511 49,0914
0,00139555 47,6966
0,000894728 49,3631
0,000448838 50,3078
0,0011041 48,3768
0,000549232 50,2595
0,000700751 49,7814
