0 3,36618
0,868311 0,496007
0 3,36618
0,0530258 1,72617
0,782755 0,680729
0,0185057 2,3533
0,0163393 2,47358
0,0229268 2,32622
0,0147479 2,56403
0,197224 1,51589
0,0129202 2,66408
0,334443 1,33817
0,00342699 3,17863
0,165114 1,56086
0,00750627 2,96472
0,00200653 3,27038
0,100895 1,64597
0,0473295 1,83372
0,802796 0,638045
0,0120063 2,7141
0,768404 0,707451
0,055874 1,67237
0,372875 1,30264
0,0758833 1,66095
0,00430672 3,13216
0,868311 0,496007
0,847652 0,542591
0,81429 0,616514
0,832297 0,57739
0,00544905 3,06964
0,00625 3,02637
0,121112 1,60371
0,102991 1,62336
0,0392105 2,0042
0,319075 1,35683
0,00884395 2,90085
0,0100227 2,86903
0,18206 1,54006
0,0430895 1,91646
0,150736 1,5736
0,032216 2,12138
0,045943 1,88716
0,144126 1,59078
0,0157786 2,51205
0,010281 2,80352
0,128361 1,59572
0,847652 0,542591
0,349446 1,31043
0,02952 2,19413
0,0300124 2,14448
0,070881 1,66385
0,349446 1,31043
0,187115 1,53205
0,0388982 2,01139
0,826992 0,58781
0,0107699 2,78065
0,00133769 3,30232
0,0382457 2,07485
0,0382457 2,07485
0,805756 0,632196
0,197224 1,51589
0,0163393 2,47358
0,38031 0,855364
0,0122269 2,69868
0,0147479 2,56403
0,0273915 2,22035
0,00491596 3,09882
0,0103624 2,80129
0,0758833 1,66095
0,254028 1,37182
0,868311 0,496007
0,18206 1,54006
0,0244151 2,29093
0,00389451 3,15846
0,0411689 1,95444
0,0473295 1,83372
0,66963 0,71868
0,0344837 2,10519
0,670239 0,716747
0,625147 0,798229
0 3,36618
0,00797976 2,93414
0,262671 1,35786
0,200433 1,38911
