0,280778 7,16015
0,999653 0,00069377
0,280778 7,16015
0,630738 0,60217
0,308588 3,7705
0,285014 5,43223
0,281279 6,08736
0,308588 3,7705
0,302103 4,3524
0,972084 0,0550517
0,280894 6,73766
0,700303 0,509575
0,280817 6,86491
0,726645 0,471987
0,281247 6,329
0,940849 0,114803
0,293555 4,87851
0,742204 0,449133
0,298478 4,58381
0,769447 0,407951
0,302103 4,3524
0,298478 4,58381
0,794996 0,367982
0,816441 0,333425
0,281279 6,08736
0,281247 6,329
0,291644 5,0227
0,989556 0,0207786
0,897745 0,194054
0,922028 0,149864
0,290234 5,10697
0,793577 0,370236
0,886494 0,214128
0,862358 0,256339
0,84102 0,292686
0,908395 0,174818
0,778669 0,393674
0,937505 0,121084
0,293352 4,90595
0,286723 5,31283
0,926861 0,140928
0,689061 0,525195
0,736678 0,457306
0,852892 0,272575
0,846477 0,283476
0,87387 0,236351
0,666985 0,555132
0,287041 5,29593
0,831422 0,308738
0,824638 0,319971
0,990709 0,0184956
0,903291 0,184066
0,28892 5,18637
0,288163 5,19726
0,687603 0,527202
0,678461 0,539691
0,769917 0,407228
0,882463 0,221259
0,778669 0,393674
0,87387 0,236351
0,998913 0,00217371
0,81926 0,328813
0,660128 0,564232
0,646132 0,582513
0,85849 0,262994
0,829316 0,312235
0,650102 0,577367
0,654342 0,571837
0,671722 0,54879
0,92458 0,145152
0,656802 0,568612
0,642117 0,587686
0,907245 0,176906
0,882505 0,221186
0,858883 0,26232
0,639322 0,591267
0,660029 0,564361
0,738955 0,453945
0,63739 0,593733
0,816441 0,333425
0,648776 0,579089
0,675867 0,543204
0,67411 0,545576
0,67735 0,541197
0,655256 0,570639
0,633778 0,598326
0,738955 0,453945
0,641078 0,589019
0,830042 0,31103
0,635937 0,595584
0,672087 0,548299
0,288163 5,19726
0,674699 0,544781
0,687603 0,527202
0,633472 0,598713
0,636398 0,594998
0,632319 0,600173
0,632115 0,600431
0,989556 0,0207786
0,907329 0,176754
