0,280808 2,74894
0,997995 1,59939
0,280808 2,74894
0,280857 2,62662
0,280911 2,50474
0,280816 2,72645
0,989539 1,69865
0,566305 2,27752
0,546009 2,28744
0,8325 2,02375
0,571132 2,2658
0,954759 1,83442
0,500151 2,32427
0,996289 1,63372
0,280842 2,66187
0,527867 2,30065
0,301876 2,46067
0,472711 2,34755
0,729957 2,13454
0,418656 2,38291
0,316969 2,45357
0,984499 1,74005
0,637908 2,22037
0,908 1,91785
0,590862 2,26154
0,280835 2,67871
0,64812 2,20979
0,94437 1,85107
0,325925 2,44956
0,935576 1,87286
0,350533 2,42345
0,627757 2,22643
0,716702 2,14952
0,801494 2,05971
0,891975 1,95046
0,743794 2,11944
0,823279 2,03426
0,683491 2,17953
0,295064 2,4699
0,962753 1,81232
0,993589 1,66659
0,791795 2,07618
0,366862 2,42172
0,540866 2,2974
0,406897 2,39386
0,970134 1,79522
0,603455 2,24952
0,385952 2,40676
0,763405 2,10576
0,913323 1,90265
0,427847 2,37749
0,462672 2,35397
0,618253 2,23451
0,843366 2,00866
0,875053 1,97378
0,884651 1,95925
0,6883 2,16874
0,773403 2,09322
0,611728 2,24099
0,992262 1,68621
0,483071 2,33529
0,927692 1,88422
0,343569 2,43049
0,738084 2,13364
0,99561 1,64882
0,997995 1,59939
0,449581 2,35902
0,863846 1,98525
0,941515 1,8599
0,977069 1,76288
0,957222 1,81789
0,980425 1,75266
0,280911 2,50474
0,281267 2,4712
0,390217 2,39964
0,901513 1,93292
0,673487 2,18917
0,897856 1,93518
0,401877 2,39829
0,752991 2,11257
0,438745 2,37044
0,595445 2,25675
0,816018 2,04197
0,658763 2,20706
0,373413 2,41404
0,877952 1,96781
0,483071 2,33529
0,808003 2,05687
0,339279 2,44281
0,924144 1,90261
0,519428 2,315
0,812381 2,04833
0,850155 1,99507
0,659961 2,19771
0,715645 2,15719
0,974231 1,77768
0,781939 2,08375
0,514126 2,32228
0,438483 2,37363
0,707615 2,16118
