0 1,00422
0 1,00422
1 0
0,0565822 0,765545
0,0152746 0,880269
0,610555 0,219741
0,0350354 0,816396
0,63338 0,205013
0,220273 0,533042
0,741301 0,139659
0,965742 0,0173858
0,148383 0,617668
0,516886 0,282331
0,759023 0,129117
0,950303 0,025331
0,888698 0,0575969
0,861956 0,0719006
0,874347 0,0652602
0,0309302 0,828303
0,83587 0,086159
0,00955101 0,906114
0,979175 0,0105561
0,00531145 0,930873
0,920981 0,0405537
0,159669 0,603204
0,703608 0,161913
0,584455 0,236499
0,901092 0,0509797
0,0481805 0,783937
0,20519 0,549515
0,0721187 0,734753
0,232831 0,519786
0,647164 0,196398
0,400697 0,368713
0,800734 0,105683
0,140759 0,627577
0,165285 0,596262
0,179414 0,579139
0,0436118 0,794733
0,00227956 0,956099
0,122027 0,653765
0,991772 0,00414508
0,598896 0,227171
0,912076 0,0451912
0,658876 0,189112
0,689767 0,170215
0,00822929 0,913276
0,665188 0,185201
0,243249 0,509127
0,000759853 0,976504
0,50138 0,293227
0,00320967 0,9471
0,782786 0,115663
0,791199 0,11103
0,187937 0,569113
0,13221 0,639319
0,0983623 0,68943
0,113679 0,666043
0,550233 0,259345
0,434969 0,342035
0,81211 0,0993219
0,0200321 0,861984
0,937171 0,0320764
0,0813281 0,718025
0,421107 0,35262
0,719958 0,152171
0,0770834 0,72561
0,226931 0,525938
0,451822 0,329301
0,526615 0,275562
0,460015 0,323183
0,409162 0,361981
0,355489 0,40566
0,0246879 0,846657
0,730909 0,145741
0,265556 0,486931
0,348013 0,411986
0,773234 0,121231
0,0655212 0,747413
0,327301 0,429872
0,0185853 0,867626
0,638507 0,20183
0,69669 0,166031
0,44533 0,334154
0,768015 0,124161
0,000814194 0,976419
0,676768 0,178117
0,0635992 0,751118
0,67862 0,176982
0,560968 0,252282
0,106148 0,677231
0,0246879 0,846657
0,938528 0,0313726
0,830699 0,088896
0,0867111 0,708757
0,500179 0,29413
0,823083 0,0931624
0,414815 0,357616
0,318619 0,437548
0,376592 0,38811
