0,00330473 9,38697
0,00330473 9,38697
0,868451 -0,501827
0,653845 -0,298628
0,868451 -0,501827
0,454574 -0,0175009
0,640469 -0,172953
0,257389 0,361767
0,412573 0,336801
0,189749 0,741546
0,0937376 0,767629
0,037017 0,773622
0,00541111 8,64813
0,023085 2,97967
0,0238492 2,4565
0,0937376 0,767629
0,0238257 2,78253
0,0221095 3,42472
0,03057 1,45608
0,0330231 1,08432
0,0258879 2,14647
0,0167463 4,88439
0,0339304 1,01244
0,0137676 5,8969
0,227113 0,430866
0,020681 3,67652
0,242998 0,417825
0,0280309 1,86899
0,00654298 8,29722
0,0272203 2,08249
0,00609835 8,57229
0,421451 0,231452
0,0181854 4,4221
0,0108572 6,80455
0,0181449 4,63393
0,00962387 7,20304
0,017389 4,68649
0,01406 5,71161
0,00838107 7,78362
0,0132438 6,04521
0,0292482 1,66168
0,00932101 7,27406
0,00909682 7,43473
0,0146334 5,52832
0,0162368 5,24073
0,0101529 7,01084
0,0299651 1,53454
0,249824 0,38376
0,0203258 4,01634
0,0111878 6,62824
0,209654 0,611231
0,443777 0,0432327
0,0189214 4,29559
0,0163201 5,05039
0,412573 0,336801
0,0116747 6,49402
0,0206925 3,50792
0,020353 3,95123
0,0130195 6,17889
0,0107408 6,89944
0,0143791 5,64836
0,00849727 7,6074
0,00691255 8,19309
0,00748111 7,94548
0,428301 0,139941
0,0157208 5,28525
0,0166732 5,03881
0,426116 0,198218
0,00903023 7,49848
0,0123802 6,4022
0,0125092 6,32323
0,00727589 8,09633
0,202839 0,642324
0,432723 0,100294
0,015026 5,4316
0,224632 0,534973
0,00730389 8,03403
0,0200083 4,16348
0,0204075 3,82108
0,0200083 4,16348
0,647857 -0,283864
0,0115615 6,59883
0,0289741 1,76859
0,200016 0,661169
0,0130267 6,13675
0,0185108 4,35671
0,640498 -0,234166
0,645394 -0,250855
0,0204075 3,82108
0,223712 0,546173
0,196272 0,706004
0,218222 0,587201
0,217918 0,602469
0,0106812 6,99357
0,0088726 7,60156
0,0287199 1,79452
0,195307 0,731643
0,257389 0,361767
0,00684977 8,2778
0,438318 0,094857
