0,280778 7,16015
0,280778 7,16015
0,635937 0,595584
0,340014 5,68646
0,630778 5,30222
0,635885 2,00651
0,635937 0,595584
0,635835 2,25292
0,33178 5,86671
0,340014 5,68646
0,635783 2,41008
0,325055 5,99217
0,631234 5,08139
0,630873 5,23233
0,635593 2,79117
0,328719 5,91723
0,286735 6,81624
0,63567 2,66449
0,635728 2,54305
0,631244 5,00465
0,309441 6,30063
0,635061 3,33319
0,635482 2,93113
0,635466 2,9538
0,321332 6,06616
0,295249 6,59251
0,318396 6,11778
0,633018 4,29425
0,635342 3,09712
0,633094 4,18988
0,281667 7,03294
0,302752 6,43453
0,322556 6,04185
0,63225 4,61263
0,634533 3,6631
0,312836 6,22922
0,634589 3,56627
0,635746 2,50211
0,635221 3,20629
0,635635 2,72796
0,284972 6,88588
0,317058 6,13467
0,305415 6,3874
0,634762 3,45494
0,632059 4,68774
0,315014 6,18272
0,631424 4,92309
0,634758 3,53249
0,632535 4,47441
0,293729 6,6777
0,288653 6,7666
0,635221 3,20629
0,635342 3,09712
0,634017 3,92829
0,634942 3,4123
0,633746 4,04846
0,29757 6,53787
0,292291 6,72023
0,633 4,33558
0,306414 6,37697
0,282151 6,978
0,63366 4,07723
0,634143 3,87306
0,631879 4,79725
0,289307 6,75082
0,291923 6,74074
0,314464 6,20353
0,63151 4,89307
0,633515 4,13382
0,634292 3,79305
0,634262 3,84556
0,632441 4,54015
0,635012 3,36254
0,634466 3,704
0,281515 7,11054
0,633876 3,98428
0,632307 4,55188
0,631909 4,75035
0,630778 5,30222
0,308748 6,31472
0,293729 6,6777
0,30178 6,46389
0,631958 4,72506
0,633379 4,15573
0,281515 7,11054
0,631644 4,84257
0,283003 6,9676
0,634439 3,74245
0,307509 6,3356
0,29721 6,57604
0,284621 6,90496
0,632746 4,4316
0,633928 3,97177
0,330762 5,90643
0,2841 6,95155
0,284537 6,93827
0,632861 4,38519
0,312902 6,2285
0,299443 6,5208
0,634392 3,76493
