0,95538 0,0264822
0,000154092 2,16736
0,000154092 2,16736
0,0521366 0,899397
0,0579846 0,824695
0,648233 0,198276
0,111408 0,718098
0,623476 0,213472
0,37757 0,395434
0,736363 0,147352
0,435397 0,344785
0,0229056 1,03407
0,462393 0,340354
0,0018696 2,04854
0,802029 0,112502
0,251304 0,498697
0,00922976 1,66382
0,00805382 1,72155
0,395999 0,374923
0,944223 0,0339413
0,565294 0,253204
0,501296 0,299419
0,762812 0,132239
0,0160972 1,33974
0,00260146 2,0061
0,825088 0,0974035
0,0242577 0,974872
0,0609086 0,787991
0,31483 0,466189
0,896718 0,053048
0,0984948 0,768157
0,329002 0,426413
0,0828166 0,787522
0,274967 0,49006
0,356633 0,403408
0,852998 0,0801928
0,580963 0,241057
0,0249337 0,945454
0,165532 0,654531
0,517864 0,287358
0,0198415 1,17001
0,294049 0,482353
0,348225 0,418504
0,547361 0,263221
0,605634 0,224299
0,418723 0,354387
0,0212765 1,10603
0,227023 0,564655
0,201265 0,594468
0,0170402 1,2966
0,246067 0,532527
0,833444 0,0894883
0,185731 0,605707
0,00726502 1,76079
0,0140427 1,43475
0,0218556 1,08036
0,234882 0,541683
0,127525 0,708836
0,786583 0,1184
0,00346257 1,95825
0,66888 0,189486
0,0183095 1,23896
0,595713 0,233922
0,322482 0,453325
0,408714 0,366557
0,887064 0,0635036
0,0201183 1,15763
0,141385 0,667551
0,709022 0,163219
0,484663 0,309801
0,921907 0,0490272
0,00088931 2,11008
0,136791 0,700488
0,0048474 1,88431
0,47198 0,318861
0,675408 0,185504
0,691506 0,178555
0,0177729 1,26327
0,921907 0,0490272
0,00655149 1,79668
0,0150687 1,38713
0,0115961 1,54992
0,00088931 2,11008
0,874103 0,0701294
0,0124112 1,51128
0,865992 0,0748339
0,529688 0,277462
0,0107631 1,5897
0,17592 0,616264
0,0362335 0,914266
0,698117 0,175681
0,0938188 0,771225
0,217024 0,582096
0,00428214 1,91413
0,0362335 0,914266
0,28458 0,483698
0,0148587 1,39684
0,00612051 1,81857
0,215846 0,59295
0,720688 0,154004
