0,280775 7,70228
0,999869 0,00026243
0,280775 7,70228
0,647824 0,580324
0,647421 2,25875
0,552628 5,80563
0,60798 5,76079
0,630738 5,70119
0,630837 4,98773
0,280789 6,89377
0,630738 5,19453
0,892493 0,203457
0,64685 2,61148
0,630911 4,7735
0,637251 3,8384
0,345081 5,98236
0,280803 6,35562
0,314074 6,11807
0,640142 3,53142
0,280798 6,55269
0,430701 5,89702
0,417078 5,90775
0,639346 3,74286
0,497725 5,85065
0,700982 0,508625
0,990865 0,0181861
0,643353 3,29813
0,759919 0,422524
0,378137 5,94809
0,714234 0,48987
0,784001 0,385342
0,799051 0,361518
0,286836 6,13077
0,60798 5,76079
0,630738 5,38414
0,973546 0,0522083
0,400966 5,91885
0,686663 0,528494
0,773408 0,401841
0,281723 6,21125
0,363257 5,95022
0,821234 0,325574
0,917397 0,158382
0,676327 0,542582
0,645545 3,05143
0,392411 5,94171
0,809595 0,344555
0,510041 5,83773
0,927555 0,139641
0,643768 3,10689
0,642435 3,42644
0,326068 6,03176
0,875017 0,234344
0,481149 5,86302
0,954978 0,088017
0,939079 0,118131
0,646336 2,85193
0,63111 4,61931
0,634688 4,04691
0,465178 5,87069
0,967023 0,0648671
0,634014 4,24371
0,631284 4,53186
0,832939 0,306213
0,647222 2,42172
0,524682 5,8257
0,354151 5,97975
0,861219 0,258301
0,280782 7,16731
0,72711 0,471311
0,746168 0,443233
0,447181 5,88905
0,315091 6,08369
0,280787 6,96206
0,646336 2,85193
0,280776 7,52707
0,280783 7,10768
0,634688 4,04691
0,630738 5,56821
0,280798 6,55269
0,280779 7,33128
0,647122 2,48781
0,541091 5,81354
0,652463 0,574292
0,630738 5,49722
0,732465 0,463495
0,840106 0,294221
0,475703 5,86402
0,455029 5,87812
0,847391 0,281928
0,280776 7,53824
0,633914 4,27277
0,87241 0,238901
0,854238 0,270277
0,326068 6,03176
0,521481 5,83165
0,741957 0,4495
0,647421 2,25875
0,280779 7,33128
0,663241 0,560111
